15:50:38.942: 17, 20, 16, 16, 91, 1046, 21, 166, 1033, 32, 1801, 227, 760, 414, 528, 255
15:50:39.479: 12, 19, 17, 17, 74, 1041, 12, 134, 1030, 21, 1802, 92, 514, 604, 520, 255
15:50:40.017: 16, 16, 16, 18, 100, 1041, 17, 144, 1031, 21, 1800, 44, 631, 660, 520, 255
15:50:40.557: 17, 18, 19, 22, 104, 1044, 23, 147, 1031, 18, 1800, 203, 602, 706, 520, 255
15:50:41.097: 16, 16, 16, 25, 115, 1043, 20, 147, 1030, 7, 1798, 118, 626, 726, 522, 255
15:50:41.632: 16, 22, 12, 19, 107, 1036, 16, 103, 1031, 24, 1803, 133, 720, 474, 523, 255
15:50:42.169: 21, 4, 18, 20, 91, 1043, 19, 130, 1030, 25, 1799, 128, 518, 711, 522, 255
15:50:42.728: 16, 18, 18, 22, 103, 1043, 18, 160, 1032, 3, 1800, 207, 668, 732, 520, 255
15:50:43.265: 10, 12, 17, 20, 134, 1046, 17, 147, 1034, 236, 1542, 200, 656, 725, 518, 255
15:50:43.821: 18, 11, 18, 20, 137, 1046, 19, 152, 1032, 231, 1540, 140, 673, 756, 522, 255
15:50:44.344: 20, 20, 17, 21, 133, 1042, 19, 138, 1032, 228, 1545, 154, 748, 490, 532, 255
15:50:44.881: 12, 16, 17, 18, 135, 1052, 18, 115, 1031, 226, 1544, 133, 515, 708, 523, 255
15:50:45.421: 16, 8, 11, 10, 146, 1042, 17, 107, 1030, 228, 1543, 42, 678, 742, 524, 255
15:50:45.972: 16, 16, 15, 18, 145, 1040, 19, 106, 1030, 216, 1545, 134, 665, 740, 521, 255
15:50:46.527: 18, 12, 16, 21, 134, 1046, 18, 121, 1032, 220, 1543, 128, 615, 706, 521, 255
15:50:47.048: 16, 18, 12, 19, 122, 1043, 20, 104, 1028, 218, 1543, 203, 729, 487, 521, 255
15:50:47.587: 16, 17, 18, 19, 135, 1028, 20, 103, 1033, 213, 1548, 143, 754, 456, 519, 255
15:50:48.125: 18, 18, 18, 22, 131, 1047, 19, 104, 1030, 224, 1546, 56, 634, 758, 520, 255
15:50:48.673: 18, 20, 18, 20, 128, 1044, 16, 110, 1032, 227, 1549, 139, 657, 744, 535, 255
15:50:49.226: 18, 18, 17, 20, 139, 1044, 18, 103, 1031, 244, 1543, 156, 632, 710, 522, 255
15:50:49.748: 10, 19, 18, 18, 116, 1046, 16, 100, 1030, 4, 1800, 154, 711, 263, 777, 255
15:50:50.317: 17, 15, 16, 19, 112, 1047, 18, 112, 1030, 244, 1546, 195, 520, 744, 519, 255
15:50:50.841: 20, 18, 20, 20, 89, 1032, 16, 96, 1031, 250, 1544, 220, 323, 522, 778, 255
15:50:51.373: 169, 12, 163, 67, 376, 1047, 16, 225, 1031, 107, 1804, 8, 151, 180, 264, 255
15:50:51.926: 12, 30, 17, 49, 43, 1558, 16, 68, 1288, 66, 2150, 7, 147, 210, 267, 255
15:50:52.466: 104, 12, 18, 103, 144, 1558, 21, 244, 777, 54, 1900, 25, 70, 342, 519, 255
15:50:53.019: 40, 20, 18, 92, 354, 2068, 17, 185, 1031, 66, 1846, 115, 226, 330, 522, 255
15:50:53.543: 18, 19, 17, 192, 482, 2066, 16, 33, 1288, 167, 1867, 17, 328, 308, 519, 255
15:50:54.079: 12, 16, 16, 191, 472, 2065, 16, 23, 1287, 162, 1878, 146, 170, 298, 519, 255
15:50:54.616: 16, 19, 40, 172, 492, 2070, 17, 71, 1287, 152, 1826, 208, 163, 290, 520, 255
15:50:55.166: 16, 12, 35, 122, 491, 2070, 15, 48, 1288, 144, 1821, 0, 258, 586, 522, 255
15:50:55.720: 16, 13, 38, 68, 492, 2067, 21, 247, 1031, 120, 1847, 154, 107, 372, 518, 255
15:50:56.243: 17, 20, 28, 168, 474, 2066, 16, 244, 1032, 152, 1847, 0, 376, 344, 522, 255
15:50:56.782: 16, 11, 20, 248, 468, 2066, 16, 245, 1029, 164, 1831, 219, 200, 387, 520, 255
15:50:57.335: 17, 0, 22, 133, 474, 2067, 18, 22, 1288, 165, 1833, 226, 176, 374, 518, 255
15:50:57.873: 18, 16, 20, 100, 466, 2064, 17, 22, 1288, 161, 1842, 213, 219, 358, 520, 255
15:50:58.428: 16, 16, 19, 146, 474, 2068, 18, 19, 1288, 179, 1844, 2, 407, 360, 520, 255
15:50:58.952: 17, 6, 34, 195, 484, 2066, 20, 234, 1031, 209, 1850, 237, 40, 300, 520, 255
15:50:59.486: 18, 18, 17, 228, 484, 2068, 19, 242, 1024, 200, 1867, 244, 201, 307, 518, 255
15:51:00.036: 12, 15, 28, 155, 466, 2066, 16, 242, 1030, 201, 1827, 202, 203, 284, 518, 255
15:51:00.576: 20, 17, 51, 128, 484, 2068, 19, 245, 1034, 194, 1831, 250, 8, 582, 520, 255
15:51:01.128: 16, 16, 52, 163, 479, 2066, 20, 216, 1032, 220, 1835, 11, 498, 320, 518, 255
15:51:01.649: 18, 12, 88, 95, 473, 2075, 22, 211, 1031, 236, 1856, 16, 322, 314, 516, 255
15:51:02.216: 20, 16, 98, 132, 474, 2067, 18, 12, 1289, 244, 1880, 176, 120, 370, 522, 255
15:51:02.737: 16, 23, 56, 134, 472, 2066, 16, 1, 1287, 242, 1857, 182, 192, 339, 516, 255
15:51:03.286: 18, 16, 90, 171, 465, 2067, 18, 247, 1031, 5, 2156, 4, 498, 340, 521, 255
15:51:03.821: 18, 12, 75, 148, 464, 2070, 17, 20, 1286, 7, 2118, 23, 426, 272, 521, 255
15:51:04.360: 16, 12, 90, 163, 471, 2066, 16, 2, 1288, 22, 2128, 240, 136, 280, 518, 255
15:51:04.897: 18, 20, 85, 129, 479, 2068, 19, 8, 1286, 19, 2112, 28, 374, 340, 521, 255
15:51:05.447: 19, 18, 91, 88, 470, 2069, 18, 12, 1288, 28, 2122, 238, 170, 338, 517, 255
15:51:05.986: 12, 21, 86, 114, 468, 2066, 19, 39, 1287, 39, 2131, 217, 205, 340, 520, 255
15:51:06.523: 16, 18, 99, 193, 466, 2067, 17, 28, 1286, 40, 2141, 212, 224, 332, 519, 255
15:51:07.061: 19, 22, 98, 199, 467, 2052, 20, 52, 1286, 38, 2152, 107, 418, 356, 520, 255
15:51:07.628: 16, 18, 102, 180, 469, 2072, 19, 91, 1288, 35, 2115, 7, 416, 324, 519, 255
15:51:08.151: 16, 16, 80, 186, 468, 2068, 19, 72, 1286, 46, 2138, 209, 143, 386, 518, 255
15:51:08.688: 16, 20, 55, 139, 474, 2066, 16, 74, 1287, 34, 2116, 8, 424, 359, 516, 255
15:51:09.229: 17, 18, 64, 160, 468, 2071, 9, 67, 1289, 26, 2117, 224, 244, 344, 520, 255
15:51:09.766: 18, 19, 68, 128, 480, 2070, 20, 72, 1288, 24, 2162, 229, 210, 354, 518, 255
15:51:10.319: 18, 17, 58, 132, 475, 2067, 18, 56, 1288, 32, 2149, 231, 171, 348, 520, 255
15:51:10.858: 16, 23, 58, 140, 480, 2065, 16, 80, 1288, 39, 2182, 204, 209, 385, 520, 255
15:51:11.393: 18, 16, 58, 160, 492, 2065, 19, 83, 1286, 44, 2115, 210, 201, 338, 518, 255
15:51:11.931: 20, 19, 54, 204, 500, 2083, 20, 76, 1287, 51, 2122, 176, 4, 594, 519, 255
15:51:12.469: 16, 18, 64, 209, 502, 2068, 18, 55, 1286, 38, 2121, 198, 241, 301, 521, 255
15:51:13.019: 18, 20, 57, 203, 261, 2325, 17, 65, 1286, 38, 2135, 6, 452, 374, 518, 255
15:51:13.555: 18, 17, 56, 198, 260, 2315, 19, 69, 1288, 64, 2156, 208, 209, 348, 520, 255
15:51:14.093: 19, 16, 51, 178, 265, 2324, 18, 64, 1287, 44, 2114, 191, 148, 370, 520, 255
15:51:14.645: 17, 18, 80, 198, 266, 2323, 18, 66, 1284, 39, 2120, 165, 242, 312, 519, 255
15:51:15.170: 17, 18, 100, 208, 268, 2323, 17, 66, 1289, 52, 2136, 246, 174, 295, 519, 255
15:51:15.717: 16, 11, 96, 228, 272, 2324, 20, 84, 1288, 54, 2130, 208, 107, 365, 520, 255
15:51:16.269: 16, 16, 90, 212, 272, 2326, 26, 115, 1287, 37, 2130, 236, 168, 359, 519, 255
15:51:16.825: 19, 19, 89, 236, 267, 2326, 23, 113, 1287, 53, 2168, 0, 374, 392, 523, 255
15:51:17.343: 12, 16, 74, 212, 280, 2326, 16, 120, 1286, 45, 2100, 154, 214, 370, 520, 255
15:51:17.881: 16, 11, 58, 235, 284, 2323, 18, 120, 1287, 48, 2103, 242, 170, 347, 518, 255
15:51:18.436: 20, 19, 50, 216, 296, 2322, 18, 102, 1287, 66, 2137, 178, 137, 404, 524, 255
15:51:18.976: 17, 19, 57, 228, 299, 2325, 19, 48, 1288, 56, 2144, 2, 417, 360, 521, 255
15:51:19.526: 16, 16, 64, 225, 305, 2325, 16, 75, 1288, 59, 2194, 241, 121, 388, 518, 255
15:51:20.046: 16, 16, 58, 18, 562, 2323, 18, 76, 1288, 64, 2088, 195, 215, 386, 522, 255
15:51:20.585: 18, 16, 64, 24, 576, 2324, 18, 89, 1286, 49, 2102, 16, 440, 352, 519, 255
15:51:21.140: 10, 19, 72, 52, 567, 2324, 20, 66, 1284, 55, 2124, 22, 418, 359, 522, 255
15:51:21.679: 34, 20, 70, 59, 570, 2326, 18, 40, 1286, 75, 2154, 210, 162, 402, 520, 255
15:51:22.217: 20, 19, 73, 52, 568, 2322, 20, 22, 1288, 82, 2161, 215, 197, 362, 519, 255
15:51:22.754: 16, 13, 80, 54, 566, 2323, 22, 11, 1284, 81, 2144, 170, 184, 364, 521, 255
15:51:23.293: 16, 16, 70, 64, 568, 2323, 23, 20, 1287, 64, 2130, 177, 180, 326, 522, 255
15:51:23.846: 16, 12, 64, 54, 568, 2326, 18, 4, 1288, 54, 2144, 12, 429, 359, 522, 255
15:51:24.367: 19, 16, 68, 50, 576, 2323, 18, 230, 1032, 36, 2153, 250, 216, 360, 520, 255
15:51:24.924: 10, 20, 80, 52, 576, 2325, 17, 199, 1031, 64, 2154, 73, 448, 400, 522, 255
15:51:25.464: 18, 16, 80, 52, 568, 2321, 20, 228, 1026, 56, 2166, 20, 386, 424, 524, 255
15:51:26.017: 18, 17, 81, 87, 576, 2321, 16, 10, 1284, 58, 2138, 51, 486, 405, 520, 255
15:51:26.540: 12, 16, 72, 80, 567, 2323, 19, 5, 1288, 40, 2103, 204, 144, 407, 520, 255
15:51:27.077: 12, 17, 73, 99, 568, 2325, 19, 1, 1286, 28, 2178, 216, 134, 432, 522, 255
15:51:27.627: 18, 19, 73, 103, 568, 2324, 21, 8, 1284, 50, 2136, 90, 423, 392, 532, 255
15:51:28.163: 20, 16, 75, 100, 577, 2327, 20, 18, 1288, 64, 2170, 224, 192, 412, 536, 255
15:51:28.729: 18, 12, 76, 90, 576, 2326, 19, 20, 1288, 50, 2123, 24, 459, 423, 528, 255
15:51:29.248: 17, 18, 81, 85, 580, 2320, 18, 35, 1287, 42, 2132, 171, 160, 408, 522, 255
15:51:29.782: 16, 16, 82, 86, 580, 2324, 17, 26, 1287, 45, 2149, 26, 327, 371, 516, 255
15:51:30.336: 16, 16, 84, 88, 580, 2324, 19, 3, 1287, 70, 2130, 24, 423, 403, 535, 255
15:51:30.870: 16, 16, 84, 99, 587, 2323, 17, 246, 1028, 70, 2156, 229, 250, 387, 551, 255
15:51:31.420: 16, 19, 85, 92, 586, 2322, 19, 235, 1034, 72, 2152, 208, 102, 428, 548, 255
15:51:31.955: 18, 16, 87, 107, 593, 2338, 19, 249, 1032, 83, 2144, 208, 171, 390, 538, 255
15:51:32.490: 17, 16, 83, 90, 586, 2328, 20, 0, 1292, 89, 2163, 247, 169, 368, 556, 255
15:51:33.025: 12, 11, 88, 89, 588, 2324, 19, 18, 1292, 79, 2153, 5, 477, 386, 533, 255
15:51:33.583: 19, 20, 90, 104, 582, 2326, 20, 37, 1289, 86, 2139, 102, 378, 354, 532, 255
15:51:34.120: 19, 17, 90, 98, 579, 2324, 18, 26, 1287, 89, 2168, 224, 202, 314, 532, 255
15:51:34.659: 17, 17, 86, 67, 581, 2323, 19, 27, 1287, 90, 2152, 203, 137, 350, 551, 255
15:51:35.239: 16, 20, 88, 70, 580, 2324, 20, 20, 1287, 87, 2136, 204, 164, 364, 556, 255
15:51:35.736: 18, 18, 88, 72, 583, 2325, 18, 26, 1287, 74, 2144, 51, 456, 342, 540, 255
15:51:36.279: 20, 16, 86, 87, 584, 2320, 20, 24, 1288, 67, 2163, 32, 474, 375, 538, 255
15:51:36.842: 19, 16, 87, 106, 580, 2325, 22, 3, 1290, 68, 2140, 8, 437, 384, 536, 255
15:51:37.360: 17, 16, 91, 102, 577, 2332, 18, 229, 1033, 74, 2152, 4, 388, 343, 567, 255
15:51:37.897: 16, 11, 96, 100, 576, 2322, 19, 208, 1031, 59, 2116, 56, 426, 352, 548, 255
15:51:38.450: 22, 17, 97, 100, 582, 2332, 18, 212, 1032, 42, 2148, 208, 195, 354, 544, 255
15:51:38.992: 18, 17, 91, 98, 586, 2324, 18, 241, 1030, 44, 2105, 34, 416, 342, 538, 255
15:51:39.531: 18, 18, 91, 88, 593, 2326, 21, 234, 1032, 49, 2140, 200, 162, 408, 544, 255
15:51:40.070: 2, 16, 96, 104, 592, 2323, 18, 220, 1032, 48, 2140, 10, 408, 377, 553, 255
15:51:40.627: 16, 16, 98, 105, 596, 2325, 18, 244, 1030, 59, 2157, 179, 249, 378, 556, 255
15:51:41.151: 18, 20, 98, 119, 594, 2326, 18, 246, 1031, 59, 2120, 26, 412, 369, 552, 255
15:51:41.688: 18, 13, 101, 122, 596, 2322, 20, 248, 1032, 64, 2120, 250, 192, 399, 552, 255
15:51:42.229: 18, 16, 98, 100, 597, 2323, 18, 0, 1290, 57, 2119, 44, 451, 364, 558, 255
15:51:42.766: 18, 16, 102, 130, 598, 2327, 19, 242, 1030, 56, 2128, 51, 412, 377, 553, 255
15:51:43.324: 16, 16, 97, 139, 596, 2323, 20, 11, 1288, 56, 2164, 24, 505, 374, 555, 255
15:51:43.863: 17, 16, 100, 80, 596, 2326, 16, 33, 1290, 54, 2148, 211, 145, 396, 557, 255
15:51:44.400: 19, 19, 104, 100, 592, 2327, 16, 24, 1286, 58, 2149, 34, 436, 360, 564, 255
15:51:44.928: 28, 10, 106, 133, 593, 2314, 17, 20, 1287, 53, 2127, 27, 468, 411, 562, 255
15:51:45.481: 16, 10, 101, 122, 594, 2323, 16, 6, 1286, 42, 2147, 10, 396, 432, 556, 255
15:51:46.025: 16, 18, 102, 134, 594, 2323, 16, 0, 1288, 29, 2163, 24, 474, 384, 522, 255
15:51:46.563: 10, 12, 103, 144, 602, 2322, 20, 0, 1284, 35, 2181, 206, 173, 396, 520, 255
15:51:47.118: 16, 18, 106, 145, 602, 2324, 18, 7, 1289, 44, 2138, 208, 134, 387, 528, 255
15:51:47.642: 12, 17, 103, 152, 598, 2320, 18, 8, 1289, 34, 2124, 212, 180, 387, 523, 255
15:51:48.179: 18, 18, 100, 147, 599, 2323, 20, 4, 1289, 37, 2119, 224, 135, 421, 529, 255
15:51:48.721: 16, 16, 108, 154, 594, 2322, 18, 8, 1288, 34, 2151, 52, 326, 392, 528, 255
15:51:49.263: 18, 8, 106, 165, 601, 2329, 20, 23, 1289, 36, 2151, 224, 248, 392, 532, 255
15:51:49.819: 20, 18, 103, 148, 599, 2324, 20, 16, 1289, 26, 2188, 2, 456, 390, 530, 255
15:51:50.347: 17, 20, 106, 160, 600, 2327, 18, 18, 1288, 24, 2127, 233, 150, 344, 528, 255
15:51:50.883: 15, 11, 107, 168, 601, 2322, 20, 11, 1287, 29, 2166, 234, 146, 428, 529, 255
15:51:51.427: 17, 6, 107, 172, 602, 2326, 20, 16, 1292, 43, 2150, 23, 480, 384, 532, 255
15:51:51.968: 16, 17, 103, 184, 602, 2327, 19, 12, 1289, 42, 2154, 5, 452, 386, 534, 255
15:51:52.521: 16, 15, 104, 192, 600, 2322, 19, 10, 1285, 36, 2200, 220, 162, 407, 534, 255
15:51:53.059: 18, 18, 103, 201, 602, 2326, 18, 18, 1290, 44, 2162, 228, 177, 362, 520, 255
15:51:53.590: 22, 16, 114, 225, 604, 2324, 20, 19, 1292, 48, 2193, 2, 423, 394, 518, 255
15:51:54.130: 20, 16, 107, 228, 611, 2326, 18, 6, 1289, 38, 2160, 202, 226, 376, 520, 255
15:51:54.682: 19, 16, 108, 231, 613, 2323, 12, 247, 1032, 56, 2198, 234, 7, 604, 522, 255
15:51:55.221: 16, 19, 105, 219, 611, 2324, 20, 249, 1028, 45, 2154, 163, 390, 388, 520, 255
15:51:55.762: 18, 6, 102, 224, 604, 2322, 18, 17, 1287, 39, 2202, 224, 183, 364, 520, 255
15:51:56.299: 16, 16, 102, 216, 604, 2326, 16, 9, 1286, 40, 2177, 200, 202, 341, 527, 255
15:51:56.843: 17, 18, 104, 225, 608, 2326, 18, 247, 1034, 65, 2168, 4, 480, 364, 520, 255
15:51:57.383: 17, 12, 106, 226, 608, 2326, 20, 204, 1031, 81, 2162, 50, 457, 326, 536, 255
15:51:57.922: 16, 18, 109, 183, 608, 2324, 18, 224, 1031, 55, 2179, 48, 423, 339, 567, 255
15:51:58.461: 18, 20, 106, 170, 608, 2326, 18, 218, 1031, 44, 2182, 217, 194, 404, 578, 255
15:51:59.010: 17, 0, 100, 184, 608, 2322, 19, 226, 1031, 50, 2226, 192, 196, 362, 520, 255
15:51:59.544: 19, 18, 24, 122, 363, 2320, 18, 53, 1032, 100, 1622, 231, 438, 376, 529, 255
15:52:00.082: 19, 18, 19, 86, 515, 2323, 18, 192, 776, 102, 1760, 234, 759, 385, 534, 255
15:52:00.630: 8, 10, 22, 8, 662, 2323, 20, 54, 1034, 232, 1772, 51, 786, 628, 538, 255
15:52:01.168: 18, 13, 22, 82, 664, 2322, 19, 64, 1028, 24, 1792, 312, 816, 619, 536, 255
15:52:01.720: 15, 16, 24, 7, 661, 2323, 16, 58, 1032, 12, 2032, 54, 813, 614, 538, 255
15:52:02.243: 18, 11, 26, 84, 654, 2323, 20, 39, 1031, 12, 2035, 48, 987, 324, 537, 255
15:52:02.790: 16, 18, 23, 110, 656, 2322, 22, 30, 1032, 243, 1760, 244, 732, 376, 535, 255
15:52:03.327: 17, 17, 23, 117, 660, 2322, 32, 64, 1033, 242, 1780, 226, 520, 696, 537, 255
15:52:03.874: 12, 26, 22, 140, 662, 2323, 18, 87, 1034, 7, 1997, 44, 1016, 378, 534, 255
15:52:04.417: 17, 12, 23, 103, 663, 2325, 24, 89, 1024, 21, 1810, 384, 812, 695, 534, 255
15:52:04.952: 13, 16, 23, 170, 664, 2326, 19, 76, 1032, 7, 2019, 170, 1011, 410, 534, 255
15:52:05.489: 16, 7, 21, 226, 679, 2316, 17, 51, 1028, 245, 1765, 66, 776, 660, 534, 255
15:52:06.041: 16, 12, 20, 220, 679, 2320, 22, 83, 1030, 232, 1776, 102, 784, 746, 523, 255
15:52:06.577: 18, 18, 24, 208, 684, 2324, 19, 102, 1034, 27, 2027, 84, 1018, 482, 538, 255
15:52:07.119: 11, 12, 20, 167, 684, 2324, 20, 122, 1031, 39, 2039, 64, 775, 738, 538, 255
15:52:07.662: 16, 16, 22, 144, 685, 2323, 19, 155, 1032, 36, 2007, 95, 1016, 259, 790, 255
15:52:08.213: 12, 16, 23, 150, 684, 2324, 12, 136, 1031, 20, 2027, 112, 778, 740, 533, 255
15:52:08.744: 17, 16, 21, 112, 689, 2322, 20, 119, 1032, 35, 1990, 120, 770, 524, 790, 255
15:52:09.283: 16, 18, 20, 132, 692, 2324, 18, 140, 1034, 40, 2010, 87, 792, 544, 790, 255
15:52:09.824: 16, 17, 20, 136, 690, 2326, 18, 161, 1030, 35, 1816, 259, 784, 708, 538, 255
15:52:10.365: 17, 16, 20, 180, 685, 2324, 17, 163, 1032, 38, 2009, 96, 794, 723, 532, 255
15:52:10.920: 17, 19, 26, 182, 682, 2333, 19, 155, 1034, 36, 2010, 68, 836, 736, 544, 255
15:52:11.444: 16, 16, 22, 180, 680, 2323, 16, 157, 1031, 35, 2034, 141, 1016, 448, 531, 255
15:52:11.981: 19, 16, 24, 184, 676, 2323, 20, 161, 1034, 38, 2039, 178, 793, 709, 535, 255
15:52:12.533: 19, 19, 22, 192, 676, 2324, 21, 161, 1034, 50, 1810, 313, 998, 485, 540, 255
15:52:13.071: 16, 20, 24, 178, 678, 2328, 18, 172, 1032, 54, 1812, 300, 818, 742, 544, 255
15:52:13.624: 12, 18, 23, 172, 680, 2308, 18, 170, 1032, 66, 2008, 32, 1014, 470, 538, 255
15:52:14.149: 17, 20, 25, 158, 679, 2324, 17, 181, 1030, 42, 2000, 71, 823, 647, 529, 255
15:52:14.685: 18, 20, 28, 162, 675, 2326, 16, 177, 1030, 52, 2006, 75, 860, 664, 530, 255
15:52:15.238: 18, 15, 26, 162, 678, 2312, 20, 191, 1028, 66, 2041, 98, 808, 658, 532, 255
15:52:15.767: 16, 7, 27, 180, 680, 2326, 19, 198, 1029, 66, 1846, 309, 858, 674, 540, 255
15:52:16.312: 12, 16, 27, 164, 679, 2330, 18, 197, 1030, 52, 2038, 64, 884, 686, 537, 255
15:52:16.852: 16, 12, 30, 195, 676, 2331, 18, 182, 1032, 56, 2010, 86, 837, 677, 536, 255
15:52:17.419: 16, 27, 33, 186, 672, 2322, 20, 182, 1030, 67, 2011, 76, 848, 640, 535, 255
15:52:17.942: 16, 17, 28, 194, 679, 2327, 20, 186, 1034, 74, 1799, 339, 808, 640, 531, 255
15:52:18.481: 12, 19, 27, 194, 674, 2328, 20, 195, 1030, 83, 2039, 36, 835, 652, 534, 255
15:52:19.017: 16, 18, 34, 181, 679, 2323, 20, 202, 1030, 80, 1802, 331, 868, 632, 536, 255
15:52:19.558: 19, 28, 32, 200, 682, 2324, 19, 202, 1032, 86, 2022, 80, 913, 630, 531, 255
15:52:20.126: 16, 12, 28, 204, 684, 2324, 17, 202, 1033, 98, 2000, 84, 826, 610, 534, 255
15:52:20.637: 16, 19, 27, 198, 682, 2324, 18, 200, 1030, 99, 2026, 92, 838, 582, 538, 255
15:52:21.178: 17, 16, 28, 218, 679, 2324, 17, 204, 1031, 117, 2036, 35, 808, 599, 537, 255
15:52:21.730: 20, 8, 22, 220, 680, 2323, 16, 198, 1028, 102, 1792, 357, 839, 628, 536, 255
15:52:22.270: 18, 12, 34, 212, 676, 2324, 20, 194, 1031, 103, 2040, 135, 913, 627, 536, 255
15:52:22.823: 19, 16, 26, 212, 676, 2323, 20, 192, 1028, 88, 2023, 39, 853, 579, 534, 255
15:52:23.346: 16, 19, 27, 230, 679, 2324, 18, 200, 1030, 112, 1793, 343, 795, 553, 540, 255
15:52:23.888: 16, 16, 28, 232, 688, 2322, 15, 208, 1032, 116, 1810, 278, 848, 553, 540, 255
15:52:24.427: 17, 17, 33, 244, 692, 2327, 20, 208, 1034, 130, 1834, 359, 872, 620, 540, 255
15:52:24.979: 13, 8, 32, 244, 681, 2323, 20, 204, 1030, 120, 2003, 54, 887, 618, 548, 255
15:52:25.529: 18, 18, 27, 246, 682, 2324, 17, 203, 1034, 116, 1992, 120, 838, 598, 539, 255
15:52:26.049: 18, 19, 33, 242, 681, 2324, 17, 208, 1032, 108, 2024, 72, 804, 604, 542, 255
15:52:26.588: 17, 18, 27, 240, 683, 2320, 18, 217, 1032, 113, 1808, 305, 854, 550, 544, 255
15:52:27.142: 12, 12, 27, 242, 683, 2324, 20, 218, 1031, 107, 1808, 296, 868, 618, 548, 255
15:52:27.679: 18, 28, 34, 232, 682, 2326, 18, 213, 1032, 119, 2004, 64, 868, 631, 547, 255
15:52:28.219: 16, 12, 28, 0, 944, 2324, 16, 209, 1030, 117, 2004, 149, 856, 615, 550, 255
15:52:28.758: 17, 17, 32, 236, 683, 2323, 18, 214, 1031, 131, 2016, 52, 874, 624, 546, 255
15:52:29.298: 12, 16, 27, 250, 685, 2323, 12, 219, 1039, 118, 1825, 312, 848, 652, 550, 255
15:52:29.848: 16, 16, 28, 12, 945, 2322, 20, 234, 1032, 136, 2000, 134, 866, 663, 551, 255
15:52:30.388: 18, 10, 24, 3, 948, 2327, 16, 229, 1034, 139, 1811, 359, 884, 648, 549, 255
15:52:30.926: 18, 12, 29, 12, 950, 2324, 23, 216, 1034, 134, 1993, 82, 896, 615, 544, 255
15:52:31.461: 17, 16, 26, 19, 948, 2324, 17, 229, 1032, 144, 1976, 64, 867, 664, 541, 255
15:52:32.015: 16, 7, 31, 3, 950, 2322, 16, 229, 1031, 152, 1800, 351, 884, 707, 546, 255
15:52:32.541: 18, 36, 27, 16, 951, 2323, 18, 235, 1032, 151, 2005, 98, 852, 610, 546, 255
15:52:33.094: 20, 20, 28, 17, 951, 2324, 18, 230, 1034, 166, 1828, 408, 881, 663, 540, 255
15:52:33.635: 16, 16, 36, 20, 948, 2321, 20, 214, 1032, 168, 1792, 338, 918, 688, 545, 255
15:52:34.177: 18, 12, 28, 248, 695, 2323, 16, 224, 1030, 154, 1986, 81, 884, 696, 550, 255
15:52:34.698: 16, 16, 28, 243, 704, 2321, 19, 218, 1031, 144, 1796, 314, 871, 724, 544, 255
15:52:35.256: 17, 16, 24, 230, 706, 2324, 20, 224, 1030, 148, 2023, 65, 824, 710, 545, 255
15:52:35.789: 18, 16, 32, 2, 961, 2322, 12, 234, 1032, 146, 1828, 400, 885, 707, 547, 255
15:52:36.333: 17, 18, 36, 224, 712, 2322, 18, 235, 1030, 151, 1841, 310, 916, 663, 540, 255
15:52:36.869: 9, 17, 36, 215, 713, 2320, 20, 233, 1032, 156, 1794, 371, 886, 685, 538, 255
15:52:37.421: 16, 16, 36, 227, 714, 2326, 18, 237, 1031, 150, 1828, 355, 832, 739, 546, 255
15:52:37.947: 17, 17, 53, 74, 696, 2320, 19, 152, 1032, 74, 1942, 218, 674, 326, 545, 255
15:52:38.518: 17, 14, 34, 12, 640, 2328, 19, 160, 1033, 42, 1856, 163, 680, 371, 531, 255
15:52:39.041: 19, 12, 92, 55, 659, 2323, 16, 211, 1032, 103, 1856, 82, 691, 376, 530, 255
15:52:39.581: 17, 16, 86, 68, 664, 2328, 19, 165, 1031, 116, 1882, 50, 726, 376, 519, 255
15:52:40.115: 16, 18, 98, 73, 674, 2324, 20, 132, 1030, 195, 1907, 72, 749, 437, 524, 255
15:52:40.667: 17, 10, 83, 92, 678, 2317, 18, 104, 1032, 208, 1890, 42, 631, 408, 522, 255
15:52:41.221: 25, 16, 82, 130, 681, 2324, 18, 132, 1034, 164, 1943, 23, 902, 375, 522, 255
15:52:41.745: 18, 21, 86, 91, 688, 2324, 18, 152, 1033, 202, 1868, 91, 688, 390, 520, 255
15:52:42.284: 15, 19, 80, 102, 683, 2320, 18, 144, 1032, 196, 1900, 50, 682, 376, 520, 255
15:52:42.818: 17, 15, 79, 97, 678, 2322, 16, 166, 1042, 183, 1930, 63, 722, 413, 522, 255
15:52:43.363: 18, 16, 80, 113, 680, 2324, 19, 135, 1034, 200, 1912, 64, 642, 454, 524, 255
15:52:43.898: 12, 12, 86, 96, 679, 2323, 20, 178, 1033, 152, 1926, 106, 716, 436, 520, 255
15:52:44.443: 18, 16, 88, 96, 680, 2323, 19, 197, 1032, 204, 1924, 128, 705, 394, 523, 255
15:52:44.995: 19, 17, 90, 90, 680, 2324, 18, 208, 1032, 224, 1864, 162, 532, 675, 520, 255
15:52:45.532: 18, 18, 90, 101, 678, 2323, 17, 166, 1033, 209, 1848, 162, 737, 487, 522, 255
15:52:46.069: 16, 16, 90, 101, 680, 2322, 12, 195, 1034, 210, 1912, 76, 704, 456, 528, 255
15:52:46.626: 17, 18, 88, 108, 678, 2325, 19, 196, 1032, 238, 2008, 196, 736, 436, 524, 255
15:52:47.148: 18, 10, 91, 100, 678, 2326, 20, 212, 1036, 8, 2202, 194, 696, 458, 523, 255
15:52:47.698: 18, 20, 91, 92, 679, 2324, 20, 202, 1032, 16, 2118, 180, 552, 748, 528, 255
15:52:48.237: 18, 21, 84, 76, 678, 2324, 18, 195, 1032, 22, 2100, 185, 564, 753, 521, 255
15:52:48.775: 21, 16, 84, 98, 679, 2324, 19, 178, 1033, 28, 2180, 82, 679, 502, 524, 255
15:52:49.313: 19, 16, 87, 98, 678, 2323, 19, 147, 1032, 16, 2183, 162, 738, 480, 523, 255
15:52:49.853: 10, 18, 83, 104, 680, 2323, 18, 130, 1031, 25, 2132, 153, 691, 440, 520, 255
15:52:50.421: 17, 22, 83, 76, 684, 2325, 19, 138, 1032, 39, 2112, 194, 750, 391, 519, 255
15:52:50.946: 20, 20, 86, 74, 688, 2324, 20, 132, 1032, 50, 2119, 131, 549, 659, 519, 255
15:52:51.486: 16, 16, 96, 64, 681, 2326, 20, 162, 1031, 32, 2150, 240, 699, 475, 522, 255
15:52:52.025: 19, 19, 97, 76, 684, 2328, 16, 164, 1033, 38, 2188, 73, 665, 490, 524, 255
15:52:52.562: 17, 22, 96, 80, 688, 2325, 18, 161, 1032, 42, 2134, 88, 694, 400, 519, 255
15:52:53.115: 19, 20, 97, 83, 690, 2324, 20, 194, 1032, 51, 2146, 40, 698, 407, 524, 255
15:52:53.641: 16, 25, 96, 103, 690, 2327, 21, 176, 1035, 50, 2160, 26, 716, 419, 520, 255
15:52:54.182: 19, 21, 99, 82, 691, 2323, 20, 165, 1030, 71, 2151, 167, 722, 409, 520, 255
15:52:54.732: 17, 15, 90, 81, 690, 2323, 18, 184, 1033, 44, 2132, 84, 724, 440, 528, 255
15:52:55.270: 20, 18, 98, 74, 688, 2322, 17, 198, 1029, 64, 2148, 130, 736, 395, 518, 255
15:52:55.828: 19, 16, 99, 98, 691, 2327, 18, 196, 1024, 84, 2184, 90, 693, 471, 518, 255
15:52:56.349: 17, 16, 89, 80, 682, 2323, 18, 198, 1026, 88, 2191, 26, 704, 413, 523, 255
15:52:56.881: 16, 12, 101, 82, 684, 2322, 17, 193, 1032, 83, 2146, 109, 694, 372, 523, 255
15:52:57.430: 10, 15, 92, 80, 686, 2316, 17, 212, 1034, 70, 2139, 3, 710, 420, 521, 255
15:52:57.965: 16, 16, 92, 85, 680, 2320, 18, 182, 1032, 64, 2123, 231, 261, 707, 522, 255
15:52:58.524: 18, 16, 92, 80, 683, 2324, 19, 208, 1040, 75, 2143, 161, 748, 432, 524, 255
15:52:59.048: 19, 19, 98, 41, 691, 2324, 17, 196, 1030, 72, 2168, 65, 706, 384, 527, 255
15:52:59.593: 18, 20, 98, 36, 692, 2327, 19, 197, 1035, 81, 2156, 71, 752, 456, 528, 255
15:53:00.134: 12, 18, 98, 38, 692, 2326, 18, 202, 1028, 80, 2115, 16, 694, 474, 528, 255
15:53:00.672: 15, 16, 99, 24, 684, 2325, 19, 204, 1033, 66, 2144, 51, 710, 418, 530, 255
15:53:01.222: 16, 18, 100, 19, 684, 2324, 17, 216, 1031, 70, 2160, 84, 524, 698, 528, 255
15:53:01.764: 18, 0, 108, 28, 685, 2326, 18, 216, 1030, 81, 2149, 103, 520, 689, 532, 255
15:53:02.316: 18, 22, 115, 21, 689, 2322, 20, 181, 1034, 86, 2209, 66, 706, 442, 529, 255
15:53:02.841: 11, 16, 118, 16, 688, 2336, 18, 194, 1029, 87, 2177, 122, 516, 740, 535, 255
15:53:03.378: 20, 16, 132, 16, 690, 2320, 20, 198, 1031, 69, 2135, 52, 695, 468, 532, 255
15:53:03.925: 19, 16, 122, 8, 690, 2322, 17, 200, 1030, 66, 2186, 72, 682, 450, 532, 255
15:53:04.457: 17, 17, 129, 7, 690, 2323, 18, 212, 1028, 68, 2183, 84, 724, 485, 529, 255
15:53:05.027: 16, 10, 116, 4, 690, 2326, 17, 186, 1030, 72, 2184, 24, 714, 448, 524, 255
15:53:05.547: 21, 20, 120, 12, 688, 2324, 19, 168, 1031, 88, 2195, 88, 748, 450, 540, 255
15:53:06.086: 18, 16, 133, 10, 692, 2325, 18, 169, 1031, 88, 2182, 71, 762, 483, 545, 255
15:53:06.625: 20, 19, 146, 2, 690, 2324, 17, 172, 1039, 87, 2152, 58, 724, 492, 550, 255
15:53:07.163: 18, 9, 138, 248, 434, 2322, 19, 182, 1030, 81, 2156, 201, 435, 460, 566, 255
15:53:07.718: 18, 19, 138, 244, 434, 2326, 20, 184, 1031, 85, 2152, 145, 738, 488, 566, 255
15:53:08.246: 18, 13, 138, 10, 683, 2326, 20, 176, 1032, 86, 2195, 212, 456, 472, 549, 255
15:53:08.790: 19, 12, 132, 3, 690, 2328, 20, 156, 1031, 88, 2194, 42, 745, 259, 809, 255
15:53:09.330: 17, 10, 135, 250, 432, 2323, 21, 178, 1034, 82, 2166, 87, 726, 503, 567, 255
15:53:09.873: 18, 12, 137, 247, 430, 2314, 20, 182, 1034, 82, 2140, 210, 436, 438, 563, 255
15:53:10.426: 16, 18, 136, 250, 436, 2322, 12, 182, 1032, 70, 2182, 26, 727, 471, 564, 255
15:53:10.954: 20, 17, 136, 246, 434, 2321, 19, 165, 1032, 77, 2181, 199, 458, 471, 558, 255
15:53:11.495: 21, 19, 151, 2, 692, 2324, 18, 164, 1032, 99, 2250, 138, 750, 482, 557, 255
15:53:12.035: 16, 16, 152, 252, 434, 2322, 19, 166, 1032, 81, 2160, 102, 759, 497, 554, 255
15:53:12.572: 12, 18, 151, 250, 434, 2324, 21, 179, 1031, 76, 2178, 67, 750, 500, 561, 255
15:53:13.129: 16, 12, 152, 247, 434, 2322, 17, 176, 1028, 84, 2148, 37, 742, 458, 556, 255
15:53:13.665: 19, 16, 152, 247, 436, 2326, 15, 184, 1031, 74, 2168, 37, 739, 482, 561, 255
15:53:14.218: 11, 18, 153, 248, 436, 2325, 15, 202, 1036, 85, 2201, 108, 666, 258, 820, 255
15:53:14.744: 18, 12, 198, 6, 680, 2322, 16, 204, 1035, 16, 2204, 147, 502, 486, 534, 255
15:53:15.285: 17, 19, 214, 250, 424, 2320, 19, 204, 1032, 8, 2179, 144, 752, 337, 528, 255
15:53:15.825: 19, 19, 241, 12, 686, 2323, 19, 202, 1030, 6, 2178, 80, 750, 419, 540, 255
15:53:16.363: 16, 17, 236, 21, 690, 2324, 18, 200, 1031, 242, 1896, 74, 545, 674, 530, 255
15:53:16.919: 18, 8, 38, 279, 690, 2324, 18, 200, 1031, 6, 2202, 183, 552, 592, 535, 255
15:53:17.441: 17, 19, 56, 284, 693, 2327, 20, 203, 1032, 21, 2211, 233, 756, 378, 528, 255
15:53:17.988: 18, 20, 88, 289, 694, 2322, 18, 208, 1035, 23, 2218, 192, 535, 677, 522, 255
15:53:18.525: 19, 20, 166, 96, 322, 2326, 18, 178, 1033, 157, 1895, 198, 532, 720, 528, 255
15:53:19.064: 11, 2, 16, 80, 498, 2068, 16, 20, 1032, 160, 1572, 256, 953, 624, 529, 255
15:53:19.617: 18, 19, 26, 172, 640, 2325, 16, 68, 1031, 235, 1706, 208, 514, 679, 528, 255
15:53:20.153: 16, 16, 180, 163, 657, 2314, 20, 89, 1032, 80, 2010, 12, 986, 410, 532, 255
15:53:20.690: 12, 16, 248, 196, 664, 2322, 18, 106, 1032, 106, 1942, 213, 520, 759, 532, 255
15:53:21.229: 23, 17, 108, 284, 332, 1559, 20, 88, 1031, 26, 2166, 808, 870, 1409, 775, 255
15:53:21.772: 15, 20, 20, 16, 104, 10, 20, 119, 1033, 199, 2448, 1690, 1842, 1924, 16, 255
15:53:22.328: 18, 18, 56, 528, 17, 18, 18, 107, 778, 20, 2456, 1798, 2331, 2279, 7, 255
15:53:22.863: 14, 8, 162, 1042, 16, 28, 18, 110, 1640, 970, 1426, 1158, 1702, 1863, 547, 1279
15:53:23.417: 18, 12, 17, 21, 28, 528, 20, 52, 2407, 1992, 2215, 1107, 952, 692, 302, 511
15:53:23.944: 16, 8, 18, 248, 600, 1138, 74, 1113, 2166, 1306, 2152, 954, 103, 1480, 736, 1023
15:53:24.485: 17, 16, 20, 24, 373, 1187, 169, 342, 2285, 1447, 2132, 647, 144, 1324, 542, 1279
15:53:25.021: 15, 19, 16, 55, 409, 1458, 196, 516, 2426, 1812, 2503, 999, 291, 1780, 614, 1279
15:53:25.557: 19, 16, 18, 136, 233, 1424, 84, 790, 2498, 1858, 2322, 1211, 272, 1540, 920, 1279
15:53:26.115: 12, 16, 16, 148, 16, 1683, 16, 768, 2400, 1798, 2311, 1258, 502, 1521, 676, 1279
15:53:26.641: 12, 16, 17, 35, 338, 1737, 234, 728, 2076, 1828, 2316, 1052, 610, 1766, 620, 1279
15:53:27.181: 16, 16, 15, 247, 90, 1706, 167, 694, 2294, 1588, 2344, 1158, 597, 1752, 613, 1279
15:53:27.722: 16, 17, 16, 193, 87, 1665, 108, 516, 2342, 1965, 2199, 1067, 844, 1536, 834, 1279
15:53:28.276: 17, 16, 16, 176, 176, 1686, 224, 517, 2433, 1814, 2457, 1192, 890, 1721, 548, 1279
15:53:28.829: 18, 17, 16, 148, 88, 1682, 241, 531, 2379, 2006, 2200, 1190, 858, 1715, 576, 1279
15:53:29.348: 12, 0, 18, 122, 103, 1698, 121, 522, 2340, 1990, 2216, 1190, 906, 1743, 532, 1279
15:53:29.891: 24, 15, 16, 120, 134, 1671, 90, 536, 2344, 1976, 2234, 1261, 951, 1731, 754, 1023
15:53:30.431: 17, 12, 20, 134, 161, 1609, 64, 540, 2408, 2020, 2256, 1090, 1032, 1795, 1014, 1023
15:53:30.971: 22, 19, 20, 97, 204, 1575, 6, 523, 2512, 1828, 2343, 1338, 1030, 1842, 818, 1279
15:53:31.512: 18, 16, 18, 114, 136, 1576, 118, 732, 2215, 1857, 2356, 1479, 1079, 1858, 936, 1023
15:53:32.052: 20, 17, 16, 71, 164, 1564, 12, 952, 2054, 1811, 2444, 1446, 1308, 1836, 968, 1023
15:53:32.589: 17, 16, 17, 66, 196, 1558, 173, 518, 2466, 1964, 2482, 1344, 1288, 1964, 932, 1023
15:53:33.145: 20, 18, 19, 18, 167, 1577, 102, 632, 2075, 1803, 2512, 6, 140, 1352, 928, 1023
15:53:33.685: 16, 19, 20, 150, 148, 1588, 195, 657, 2288, 2029, 2032, 267, 218, 1440, 929, 1279
15:53:34.228: 16, 18, 20, 137, 211, 1694, 226, 631, 2138, 1810, 2363, 519, 247, 1392, 1010, 1023
15:53:34.767: 18, 17, 17, 50, 152, 1548, 230, 729, 2128, 1908, 2242, 522, 20, 1558, 1224, 1279
15:53:35.326: 12, 20, 16, 81, 220, 1556, 73, 858, 2311, 2168, 2504, 568, 68, 1686, 1261, 1279
15:53:35.839: 16, 16, 18, 91, 224, 1559, 64, 877, 2405, 2244, 2329, 938, 92, 1613, 1175, 1279
15:53:36.379: 20, 16, 18, 97, 202, 1555, 32, 870, 2420, 2262, 2340, 800, 130, 1590, 1156, 1279
15:53:36.922: 18, 19, 18, 105, 214, 1556, 246, 625, 2454, 2275, 2370, 776, 152, 1638, 1123, 1279
15:53:37.465: 16, 9, 19, 115, 236, 1552, 16, 872, 2440, 2248, 2381, 787, 147, 1674, 1104, 1279
15:53:38.020: 12, 18, 18, 116, 186, 1559, 4, 868, 2413, 2210, 2354, 786, 147, 1642, 1088, 1279
15:53:38.546: 17, 20, 16, 115, 210, 1556, 232, 524, 2328, 2139, 2371, 802, 355, 1645, 1046, 1279
15:53:39.088: 16, 11, 16, 112, 231, 1560, 236, 534, 2360, 2197, 2410, 807, 320, 1632, 1095, 1279
15:53:39.626: 20, 18, 12, 118, 234, 1560, 229, 545, 2424, 2257, 2412, 785, 342, 1632, 1066, 1279
15:53:40.177: 18, 19, 16, 113, 2, 1814, 27, 822, 2472, 2248, 2439, 791, 384, 1653, 1094, 1279
15:53:40.719: 19, 16, 16, 112, 236, 1558, 7, 821, 2506, 2184, 2414, 802, 394, 1605, 1060, 1279
15:53:41.256: 15, 20, 16, 122, 36, 1812, 16, 838, 2513, 2196, 2452, 812, 470, 1684, 1066, 1279
15:53:41.796: 16, 19, 16, 114, 7, 1811, 7, 838, 2508, 2176, 2459, 811, 453, 1664, 1050, 1279
15:53:42.336: 20, 24, 16, 114, 1, 1811, 2, 832, 2498, 2179, 2458, 818, 483, 1672, 1072, 1279
15:53:42.873: 16, 17, 20, 132, 18, 1794, 200, 570, 2506, 2152, 2482, 810, 423, 1637, 1072, 1279
15:53:43.411: 17, 17, 16, 122, 19, 1804, 197, 593, 2528, 2180, 2503, 817, 464, 1638, 1047, 1279
15:53:43.951: 17, 16, 16, 130, 23, 1812, 250, 588, 2518, 2164, 2482, 811, 490, 1571, 1088, 1279
15:53:44.520: 19, 18, 18, 132, 11, 1816, 22, 861, 2498, 2215, 2490, 811, 257, 1912, 1083, 1279
15:53:45.044: 16, 9, 17, 131, 6, 1802, 24, 866, 2476, 2206, 2486, 817, 447, 1676, 1106, 1279
15:53:45.577: 17, 18, 18, 130, 228, 1560, 54, 842, 2498, 2214, 2498, 819, 465, 1591, 1078, 1279
15:53:46.123: 16, 12, 11, 133, 228, 1559, 50, 842, 2520, 2230, 2488, 817, 442, 1697, 1034, 1279
15:53:46.666: 19, 16, 22, 139, 244, 1555, 70, 839, 2490, 2244, 2535, 824, 482, 1704, 1034, 1279
15:53:47.221: 17, 16, 20, 120, 7, 1811, 92, 797, 2431, 2232, 2506, 809, 468, 1706, 1089, 1279
15:53:47.752: 18, 16, 17, 128, 6, 1812, 70, 772, 2410, 2214, 2480, 809, 494, 1704, 1109, 1279
15:53:48.292: 18, 18, 18, 128, 7, 1810, 32, 784, 2406, 2196, 2500, 812, 497, 1690, 1117, 1279
15:53:48.820: 19, 19, 20, 119, 246, 1556, 21, 795, 2420, 2187, 2532, 810, 256, 1962, 1050, 1279
15:53:49.369: 17, 16, 18, 122, 46, 1812, 202, 551, 2448, 2215, 2536, 819, 500, 1730, 1114, 1279
15:53:49.927: 17, 12, 18, 120, 43, 1812, 15, 792, 2400, 2221, 2538, 818, 256, 1977, 1164, 1279
15:53:50.456: 13, 18, 19, 128, 66, 1813, 3, 794, 2322, 2259, 2538, 806, 501, 1681, 1160, 1279
15:53:50.995: 18, 19, 17, 118, 80, 1818, 6, 772, 2324, 2219, 2529, 804, 492, 1672, 1160, 1279
15:53:51.519: 17, 12, 18, 128, 69, 1811, 16, 773, 2306, 2229, 2307, 1062, 498, 1688, 1169, 1279
15:53:52.070: 18, 21, 18, 129, 64, 1812, 18, 776, 2339, 2258, 2316, 1072, 442, 1692, 1075, 1279
15:53:52.627: 18, 8, 18, 130, 55, 1812, 30, 778, 2368, 2276, 2332, 1079, 261, 1947, 1059, 1279
15:53:53.149: 16, 13, 20, 132, 59, 1807, 36, 778, 2364, 2276, 2323, 1067, 500, 1672, 1114, 1279
15:53:53.718: 16, 16, 19, 121, 68, 1814, 39, 790, 2350, 2240, 2326, 1069, 266, 1922, 1144, 1279
15:53:54.242: 20, 17, 17, 114, 100, 1812, 44, 798, 2309, 2198, 2512, 818, 311, 1938, 1122, 1279
15:53:54.778: 18, 18, 18, 123, 82, 1815, 8, 820, 2369, 2155, 2321, 1072, 307, 1974, 1106, 1279
15:53:55.328: 15, 15, 20, 128, 88, 1811, 7, 833, 2402, 2196, 2326, 1076, 490, 1722, 1080, 1279
15:53:55.853: 7, 16, 20, 136, 90, 1810, 25, 839, 2396, 2202, 2348, 1068, 310, 2013, 1121, 1279
15:53:56.423: 15, 17, 16, 128, 99, 1810, 41, 833, 2350, 2209, 2310, 1072, 266, 2010, 1046, 1279
15:53:56.946: 16, 19, 17, 130, 96, 1812, 38, 826, 2354, 2198, 2326, 1089, 294, 2036, 1068, 1279
15:53:57.482: 16, 19, 18, 118, 96, 1812, 36, 842, 2356, 2210, 2342, 1082, 299, 1808, 1314, 1279
15:53:58.021: 21, 18, 20, 132, 100, 1810, 44, 824, 2384, 2209, 2324, 1094, 498, 1747, 1104, 1279
15:53:58.558: 17, 20, 15, 136, 108, 1812, 44, 812, 2406, 2201, 2359, 1092, 502, 1784, 1108, 1279
15:53:59.115: 20, 12, 17, 140, 100, 1810, 38, 816, 2395, 2205, 2372, 1082, 472, 1767, 1091, 1279
15:53:59.639: 17, 20, 16, 128, 108, 1812, 50, 804, 2396, 2186, 2362, 1134, 492, 1784, 1088, 1279
15:54:00.180: 17, 18, 19, 129, 114, 1811, 24, 825, 2392, 2161, 2374, 1222, 502, 1552, 1410, 1279
15:54:00.734: 16, 12, 16, 132, 120, 1810, 24, 823, 2424, 2192, 2376, 1106, 488, 1784, 1172, 1279
15:54:01.269: 18, 20, 16, 134, 113, 1810, 10, 821, 2436, 2226, 2376, 1121, 296, 1818, 1414, 1279
15:54:01.823: 16, 18, 22, 118, 114, 1812, 247, 556, 2435, 2218, 2407, 1203, 312, 2026, 1146, 1279
15:54:02.349: 19, 18, 18, 119, 104, 1815, 231, 548, 2412, 2199, 2380, 1173, 291, 2042, 1120, 1279
15:54:02.915: 20, 18, 16, 119, 130, 1811, 22, 791, 2419, 2204, 2386, 1132, 279, 2034, 1110, 1279
15:54:03.440: 19, 16, 18, 114, 132, 1812, 6, 802, 2452, 2141, 2370, 1244, 288, 1831, 1396, 1279
15:54:03.977: 12, 16, 19, 122, 113, 1819, 22, 797, 2450, 2191, 2401, 1136, 290, 1820, 1426, 1279
15:54:04.517: 18, 16, 16, 121, 192, 1810, 223, 741, 2152, 2258, 2380, 1172, 320, 1799, 1425, 1279
15:54:05.058: 16, 20, 20, 119, 178, 1812, 8, 774, 2376, 2230, 2389, 1206, 292, 2038, 1141, 1279
15:54:05.632: 19, 18, 18, 114, 176, 1802, 42, 778, 2403, 2153, 2386, 1249, 327, 1814, 1390, 1279
15:54:06.139: 18, 16, 16, 99, 185, 1812, 9, 779, 2410, 2122, 2407, 1208, 312, 1802, 1416, 1279
15:54:06.679: 18, 7, 17, 103, 182, 1814, 66, 804, 2448, 2064, 2385, 1270, 496, 1771, 1140, 1279
15:54:07.223: 17, 16, 18, 98, 192, 1811, 74, 818, 2459, 2127, 2385, 1123, 326, 2040, 1178, 1279
15:54:07.753: 16, 20, 17, 102, 199, 1811, 76, 840, 2476, 2130, 2375, 1251, 323, 2024, 1170, 1279
15:54:08.292: 16, 18, 18, 108, 201, 1814, 54, 840, 2500, 2146, 2392, 1250, 330, 2035, 1175, 1279
15:54:08.835: 20, 18, 16, 104, 166, 1812, 65, 844, 2480, 2091, 2406, 1240, 378, 1816, 1452, 1279
15:54:09.386: 19, 18, 20, 108, 187, 1810, 54, 857, 2522, 2149, 2356, 1094, 546, 2040, 1189, 1279
15:54:09.924: 18, 18, 19, 107, 184, 1812, 56, 874, 2503, 2231, 2405, 1159, 294, 1797, 1429, 1279
15:54:10.459: 20, 18, 18, 109, 172, 1814, 41, 876, 2504, 2250, 2378, 1216, 322, 2005, 1186, 1279
15:54:11.016: 18, 19, 16, 106, 184, 1812, 68, 883, 2498, 2261, 2378, 1181, 338, 2007, 1206, 1279
15:54:11.548: 17, 16, 10, 112, 173, 1813, 57, 887, 2488, 2244, 2388, 1227, 368, 1804, 1436, 1279
15:54:12.080: 13, 19, 18, 106, 184, 1812, 54, 884, 2488, 2220, 2424, 1173, 341, 1796, 1426, 1279
15:54:12.624: 18, 19, 18, 116, 200, 1814, 79, 888, 2498, 2214, 2394, 1260, 368, 2034, 1178, 1279
15:54:13.163: 17, 16, 16, 106, 201, 1808, 64, 887, 2517, 2216, 2388, 1184, 364, 1798, 1459, 1279
15:54:13.722: 18, 20, 20, 104, 196, 1815, 68, 880, 2521, 2217, 2389, 1184, 386, 1809, 1474, 1279
15:54:14.248: 12, 16, 16, 104, 210, 1802, 66, 882, 2524, 2210, 2392, 1153, 640, 2019, 1186, 1279
15:54:14.790: 20, 19, 20, 110, 209, 1814, 82, 880, 2501, 2220, 2391, 1112, 292, 1799, 1428, 1279
15:54:15.331: 17, 17, 16, 64, 223, 1835, 66, 809, 2177, 1844, 2796, 520, 106, 1644, 1188, 1023
15:54:15.870: 18, 18, 16, 88, 91, 2113, 240, 626, 2168, 2180, 2514, 519, 130, 1730, 1058, 1279
15:54:16.415: 20, 17, 16, 52, 150, 1556, 75, 859, 2195, 1985, 2163, 813, 258, 1969, 1060, 1279
15:54:16.956: 19, 18, 18, 102, 211, 1560, 45, 902, 2056, 2094, 2327, 1254, 586, 2040, 1094, 1279
15:54:17.493: 13, 18, 19, 100, 232, 1558, 134, 931, 2155, 2154, 2546, 774, 840, 1803, 1379, 1279
15:54:18.046: 12, 17, 16, 106, 12, 1812, 42, 936, 2169, 2212, 2337, 1124, 870, 1802, 1398, 1279
15:54:18.585: 16, 19, 19, 121, 33, 1815, 24, 911, 2150, 2220, 2375, 1257, 628, 2022, 1111, 1279
15:54:19.128: 16, 20, 17, 106, 52, 1811, 40, 916, 2150, 2232, 2388, 1072, 887, 2032, 1105, 1279
15:54:19.651: 19, 17, 20, 120, 55, 1812, 82, 948, 2168, 2176, 2408, 1094, 890, 1992, 1140, 1279
15:54:20.220: 17, 4, 18, 120, 74, 1815, 88, 946, 2149, 2086, 2385, 1035, 866, 2018, 1143, 1279
15:54:20.739: 19, 17, 18, 118, 76, 1814, 114, 985, 2136, 2122, 2496, 939, 348, 1820, 1419, 1279
15:54:21.277: 17, 0, 16, 115, 66, 1813, 136, 1003, 2182, 2176, 2334, 1222, 618, 1819, 1430, 1279
15:54:21.832: 24, 17, 16, 109, 71, 1812, 118, 1012, 2185, 2215, 2354, 1154, 886, 1797, 1428, 1279
15:54:22.374: 20, 18, 19, 122, 64, 1814, 105, 1009, 2149, 2210, 2370, 1165, 883, 1866, 1425, 1279
15:54:22.927: 16, 16, 18, 118, 67, 1811, 100, 998, 2115, 2177, 2420, 1142, 864, 1856, 1424, 1279
15:54:23.450: 19, 20, 20, 116, 27, 1815, 110, 1016, 2113, 2195, 2308, 1206, 613, 1828, 1402, 1279
15:54:23.984: 9, 18, 20, 113, 25, 1812, 115, 776, 2418, 2221, 2550, 996, 618, 1843, 1408, 1279
15:54:24.527: 18, 11, 21, 113, 36, 1812, 119, 780, 2453, 2219, 2388, 1048, 864, 1826, 1431, 1279
15:54:25.063: 16, 12, 18, 113, 22, 1811, 121, 785, 2460, 2230, 2374, 1262, 882, 1844, 1442, 1279
15:54:25.619: 16, 16, 16, 106, 28, 1815, 115, 786, 2468, 2221, 2391, 1028, 1144, 1835, 1431, 1279
15:54:26.153: 19, 18, 19, 130, 18, 1810, 119, 780, 2465, 2215, 2328, 1111, 836, 1818, 1408, 1279
15:54:26.714: 20, 20, 18, 130, 16, 1814, 114, 787, 2475, 2264, 2355, 1060, 871, 1874, 1416, 1279
15:54:27.236: 20, 20, 19, 130, 12, 1804, 106, 776, 2482, 2267, 2436, 1234, 864, 1840, 1424, 1279
15:54:27.775: 16, 18, 19, 139, 5, 1812, 114, 784, 2476, 2258, 2407, 1032, 1123, 1859, 1368, 1279
15:54:28.316: 18, 17, 16, 128, 230, 1553, 119, 780, 2483, 2252, 2412, 1040, 1143, 1850, 1371, 1279
15:54:28.859: 18, 16, 17, 132, 218, 1556, 140, 803, 2481, 2230, 2408, 1187, 842, 1850, 1372, 1279
15:54:29.395: 16, 16, 20, 132, 250, 1556, 134, 804, 2485, 2239, 2354, 1174, 865, 1858, 1370, 1279
15:54:29.934: 18, 14, 17, 129, 6, 1811, 140, 814, 2512, 2282, 2449, 1251, 888, 1847, 1397, 1279
15:54:30.484: 17, 19, 19, 122, 12, 1811, 151, 812, 2529, 2284, 2436, 1205, 904, 1865, 1407, 1279
15:54:31.025: 18, 18, 16, 122, 23, 1812, 148, 820, 2529, 2279, 2402, 1047, 1170, 1858, 1380, 1279
15:54:31.563: 19, 19, 20, 128, 33, 1815, 140, 818, 2520, 2272, 2466, 1028, 1172, 1877, 1386, 1279
15:54:32.113: 19, 19, 18, 135, 32, 1812, 128, 825, 2514, 2252, 2391, 1231, 855, 1888, 1378, 1279
15:54:32.651: 14, 11, 17, 128, 49, 1811, 130, 835, 2520, 2286, 2460, 1256, 924, 1890, 1346, 1279
15:54:33.187: 21, 22, 20, 123, 46, 1815, 132, 838, 2512, 2276, 2459, 1251, 918, 1862, 1354, 1279
15:54:33.727: 19, 19, 23, 121, 58, 1812, 133, 836, 2520, 2275, 2467, 1262, 914, 1876, 1356, 1279
15:54:34.265: 18, 18, 21, 131, 67, 1811, 134, 837, 2521, 2283, 2414, 1063, 1158, 1861, 1408, 1279
15:54:34.820: 19, 2, 19, 132, 53, 1812, 130, 834, 2524, 2266, 2474, 1260, 932, 1858, 1379, 1279
15:54:35.346: 16, 18, 18, 130, 36, 1804, 134, 834, 2535, 2277, 2460, 1196, 843, 1859, 1323, 1279
15:54:35.885: 19, 16, 26, 132, 44, 1813, 144, 834, 2540, 2286, 2473, 1073, 1180, 1830, 1337, 1279
15:54:36.422: 16, 16, 18, 134, 52, 1812, 144, 832, 2541, 2052, 2698, 1270, 931, 1835, 1390, 1279
15:54:36.969: 17, 17, 15, 122, 51, 1815, 146, 825, 2540, 2294, 2400, 1112, 1192, 1865, 1410, 1279
15:54:37.527: 16, 19, 18, 130, 42, 1812, 136, 819, 2530, 2290, 2458, 1122, 1220, 1847, 1412, 1279
15:54:38.049: 16, 18, 18, 128, 38, 1803, 138, 816, 2516, 2055, 2723, 1222, 871, 1809, 1344, 1279
15:54:38.616: 18, 17, 16, 120, 22, 1812, 146, 807, 2530, 2082, 2724, 1068, 1178, 1812, 1379, 1279
15:54:39.139: 17, 22, 18, 129, 33, 1812, 158, 810, 2520, 2090, 2648, 1031, 1208, 1877, 1383, 1279
15:54:39.676: 16, 17, 19, 128, 44, 1814, 167, 807, 2535, 2075, 2656, 1098, 1223, 1827, 1410, 1279
15:54:40.227: 16, 19, 19, 127, 34, 1812, 160, 795, 2537, 2070, 2666, 1094, 1220, 1896, 1408, 1279
15:54:40.765: 18, 16, 18, 131, 21, 1819, 138, 794, 2529, 2070, 2712, 1265, 896, 2034, 1026, 1279
15:54:41.321: 18, 17, 17, 132, 26, 1816, 120, 784, 2531, 2086, 2718, 1232, 877, 2024, 1272, 1023
15:54:41.846: 16, 22, 16, 134, 27, 1812, 144, 799, 2528, 2120, 2700, 1027, 1188, 2034, 1274, 1023
15:54:42.372: 16, 16, 18, 136, 24, 1813, 138, 803, 2523, 2122, 2663, 1089, 1192, 1824, 1302, 1279
15:54:42.920: 18, 16, 17, 132, 20, 1808, 146, 796, 2528, 2099, 2682, 1120, 1204, 1849, 1323, 1279
15:54:43.469: 18, 16, 17, 145, 38, 1811, 129, 798, 2546, 2064, 2584, 1111, 1162, 2024, 1262, 1023
15:54:44.029: 19, 16, 19, 115, 236, 1554, 104, 984, 1920, 1288, 2448, 1092, 1706, 2034, 914, 767
15:54:44.551: 22, 18, 20, 84, 240, 1558, 247, 706, 1959, 1180, 2460, 1752, 1748, 1964, 960, 511
15:54:45.089: 16, 18, 12, 28, 70, 1557, 72, 918, 1974, 1382, 2514, 1178, 1303, 1955, 902, 767
15:54:45.629: 16, 16, 16, 18, 233, 1558, 154, 672, 2228, 1860, 2087, 1273, 1256, 1769, 1208, 1023
15:54:46.166: 10, 18, 18, 19, 202, 1556, 85, 865, 2132, 2266, 2060, 1180, 1004, 1615, 1296, 1279
15:54:46.722: 16, 19, 16, 19, 180, 1553, 26, 824, 2154, 2146, 2535, 976, 1024, 1867, 1322, 1279
15:54:47.247: 19, 21, 16, 19, 192, 1556, 212, 648, 2180, 2167, 2330, 1113, 1267, 1633, 1335, 1279
15:54:47.788: 15, 18, 18, 21, 186, 1555, 218, 627, 2184, 2164, 2376, 1152, 1028, 1860, 1332, 1279
15:54:48.343: 18, 19, 20, 20, 185, 1558, 218, 631, 2202, 2186, 2327, 1180, 1034, 1857, 1338, 1279
15:54:48.882: 12, 19, 16, 18, 212, 1568, 224, 665, 2204, 2206, 2403, 1186, 1057, 1873, 1316, 1279
15:54:49.421: 18, 15, 20, 19, 210, 1556, 225, 672, 2213, 2210, 2413, 1205, 1068, 1882, 1338, 1279
15:54:49.963: 17, 18, 19, 22, 212, 1555, 230, 668, 2220, 2226, 2433, 1191, 1093, 1892, 1322, 1279
15:54:50.518: 17, 10, 20, 20, 212, 1558, 235, 680, 2187, 2192, 2359, 1157, 1051, 1836, 1302, 1279
15:54:51.043: 18, 18, 20, 23, 203, 1558, 236, 610, 2218, 2212, 2406, 1180, 1097, 1820, 1304, 1279
15:54:51.580: 12, 18, 16, 20, 210, 1556, 234, 648, 2230, 2240, 2439, 1176, 1106, 1844, 1344, 1279
15:54:52.121: 18, 16, 16, 16, 204, 1556, 226, 668, 2246, 2258, 2380, 1205, 1058, 1888, 1388, 1279
15:54:52.657: 4, 16, 20, 22, 212, 1556, 224, 669, 2250, 2230, 2458, 1186, 1081, 1893, 1398, 1279
15:54:53.220: 18, 16, 16, 16, 212, 1556, 200, 644, 2220, 2210, 2380, 1167, 1064, 1864, 1319, 1279
15:54:53.748: 18, 21, 18, 20, 179, 1558, 192, 675, 2229, 2225, 2444, 1175, 1108, 1890, 1324, 1279
15:54:54.285: 18, 17, 15, 19, 170, 1554, 193, 684, 2252, 2242, 2419, 1204, 1123, 1924, 1372, 1279
15:54:54.837: 18, 24, 21, 20, 172, 1557, 198, 680, 2264, 2234, 2400, 1203, 1136, 1928, 1383, 1279
15:54:55.362: 16, 22, 16, 16, 134, 1556, 200, 685, 2262, 2242, 2424, 1222, 1170, 1946, 1382, 1279
15:54:55.916: 16, 18, 18, 19, 143, 1561, 204, 667, 2256, 2227, 2420, 1173, 1111, 1859, 1320, 1279
15:54:56.456: 16, 17, 16, 19, 150, 1558, 198, 632, 2262, 2259, 2472, 1142, 1162, 1856, 1282, 1279
15:54:57.014: 23, 18, 19, 23, 168, 1558, 204, 632, 2284, 2266, 2420, 1202, 1158, 1861, 1316, 1279
15:54:57.538: 18, 11, 8, 19, 164, 1556, 216, 643, 2296, 2260, 2418, 1239, 1152, 1864, 1303, 1279
15:54:58.077: 17, 17, 18, 19, 140, 1555, 215, 631, 2058, 2473, 2410, 1248, 1133, 1848, 1328, 1279
15:54:58.608: 22, 17, 12, 20, 154, 1556, 223, 647, 2066, 2519, 2436, 1192, 1152, 1798, 1316, 1279
15:54:59.155: 16, 17, 16, 19, 154, 1556, 208, 640, 2051, 2520, 2386, 1180, 1126, 2020, 1228, 1023
15:54:59.697: 18, 17, 18, 39, 209, 1558, 180, 646, 2106, 2242, 2448, 1267, 1176, 1843, 1351, 1279
15:55:00.237: 18, 19, 18, 37, 4, 1812, 203, 676, 2264, 2242, 2434, 1024, 1409, 1837, 1376, 1279
15:55:00.778: 18, 0, 18, 28, 10, 1812, 208, 683, 2051, 2535, 2443, 1108, 1379, 1858, 1352, 1279
15:55:01.315: 17, 17, 19, 34, 18, 1813, 224, 710, 2082, 2313, 2682, 1242, 1115, 1871, 1392, 1279
15:55:01.866: 16, 17, 17, 22, 22, 1812, 224, 726, 2120, 2332, 2708, 1256, 1115, 1888, 1362, 1279
15:55:02.394: 19, 18, 18, 26, 18, 1812, 229, 731, 2121, 2331, 2720, 1254, 1163, 1902, 1380, 1279
15:55:02.946: 20, 18, 16, 22, 22, 1812, 231, 729, 2136, 2344, 2692, 1061, 1386, 1888, 1400, 1279
15:55:03.485: 16, 16, 19, 23, 11, 1819, 230, 737, 2136, 2354, 2699, 1097, 1386, 1891, 1382, 1279
15:55:04.025: 18, 16, 18, 21, 11, 1809, 231, 736, 2137, 2362, 2709, 1088, 1438, 1915, 1392, 1279
15:55:04.561: 19, 16, 12, 24, 16, 1812, 227, 743, 2131, 2343, 2666, 1234, 1142, 1894, 1388, 1279
15:55:05.118: 14, 19, 16, 23, 22, 1802, 233, 724, 2137, 2358, 2691, 1240, 1136, 1911, 1284, 1279
15:55:05.654: 16, 16, 18, 16, 12, 1812, 236, 740, 2160, 2379, 2680, 1252, 1178, 1912, 1354, 1279
15:55:06.193: 17, 16, 17, 34, 20, 1814, 233, 743, 2168, 2375, 2656, 1061, 1381, 1932, 1380, 1279
15:55:06.730: 18, 20, 17, 26, 15, 1813, 234, 752, 2166, 2380, 2662, 1078, 1385, 1943, 1414, 1279
15:55:07.269: 16, 20, 20, 29, 20, 1812, 230, 748, 2144, 2368, 2647, 1238, 1125, 1954, 1350, 1279
15:55:07.820: 18, 18, 16, 34, 24, 1808, 233, 740, 2154, 2379, 2662, 1240, 1128, 1914, 1298, 1279
15:55:08.357: 18, 16, 18, 20, 234, 1553, 212, 647, 2058, 2470, 2393, 1112, 1386, 1842, 1504, 1023
15:55:08.890: 19, 19, 17, 44, 44, 1810, 195, 675, 2158, 2317, 2662, 1168, 1321, 1876, 1363, 1279
15:55:09.444: 19, 18, 16, 54, 44, 1812, 218, 684, 2151, 2549, 2392, 1026, 1296, 1912, 1366, 1279
15:55:09.981: 16, 21, 18, 53, 38, 1812, 215, 697, 2182, 2362, 2583, 1271, 1100, 1923, 1338, 1279
15:55:10.521: 20, 16, 16, 56, 19, 1810, 215, 708, 2192, 2387, 2728, 795, 1338, 1940, 1315, 1279
15:55:11.058: 12, 8, 13, 54, 229, 1564, 208, 680, 2198, 2420, 2667, 980, 1144, 1959, 1324, 1279
15:55:11.597: 13, 16, 16, 58, 6, 1809, 217, 690, 2210, 2414, 2736, 1014, 1123, 1938, 1382, 1279
15:55:12.149: 16, 18, 18, 52, 16, 1812, 223, 698, 2218, 2412, 2644, 856, 1400, 1922, 1380, 1279
15:55:12.672: 18, 16, 18, 43, 28, 1809, 225, 693, 2200, 2377, 2648, 832, 1425, 1926, 1412, 1279
15:55:13.227: 16, 23, 18, 50, 17, 1813, 224, 697, 2202, 2393, 2695, 801, 1456, 1910, 1336, 1279
15:55:13.765: 18, 19, 12, 44, 26, 1811, 213, 692, 2210, 2400, 2692, 992, 1194, 1931, 1296, 1279
15:55:14.320: 18, 19, 16, 54, 24, 1809, 210, 706, 2215, 2408, 2752, 1014, 1235, 1928, 1306, 1279
15:55:14.848: 18, 18, 22, 52, 23, 1814, 214, 698, 2216, 2421, 2658, 834, 1461, 1950, 1291, 1279
15:55:15.382: 17, 19, 17, 48, 18, 1820, 219, 707, 2214, 2400, 2666, 836, 1466, 1944, 1284, 1279
15:55:15.924: 20, 16, 20, 51, 34, 1814, 223, 714, 2214, 2368, 2738, 870, 1462, 1960, 1290, 1279
15:55:16.458: 18, 17, 18, 48, 19, 1811, 220, 723, 2214, 2378, 2660, 880, 1478, 1954, 1308, 1279
15:55:17.017: 18, 16, 18, 52, 36, 1803, 215, 726, 2215, 2403, 2658, 1002, 1226, 1987, 1523, 1023
15:55:17.554: 16, 12, 17, 54, 45, 1810, 202, 711, 2226, 2410, 2667, 789, 1504, 2020, 1503, 1023
15:55:18.093: 16, 16, 16, 70, 30, 1812, 204, 722, 2228, 2406, 2646, 852, 1492, 2008, 1510, 1023
15:55:18.631: 17, 12, 17, 53, 36, 1812, 209, 723, 2224, 2362, 2675, 882, 1474, 1979, 1508, 1023
15:55:19.168: 19, 16, 18, 54, 39, 1812, 213, 728, 2224, 2359, 2682, 872, 1510, 1988, 1508, 1023
15:55:19.721: 11, 16, 18, 90, 739, 1824, 56, 336, 1954, 938, 1732, 1207, 1720, 2344, 1667, 1279
15:55:20.259: 18, 19, 23, 27, 88, 1813, 22, 43, 1843, 940, 2295, 1989, 2376, 2842, 260, 255
15:55:20.787: 18, 17, 18, 20, 128, 20, 23, 37, 2252, 1096, 2806, 2706, 2307, 2346, 7, 255
15:55:21.344: 17, 22, 19, 12, 16, 19, 18, 192, 1782, 1985, 3056, 1284, 8, 42, 7, 255
15:55:21.880: 13, 16, 19, 18, 24, 20, 18, 2, 1832, 1192, 2358, 2484, 2028, 808, 520, 255
15:55:22.419: 15, 17, 16, 56, 34, 2116, 106, 730, 1586, 1025, 2309, 210, 16, 755, 939, 767
15:55:22.967: 15, 18, 16, 19, 20, 20, 17, 6, 105, 8, 8, 5, 11, 282, 1876, 1535
15:55:23.521: 18, 18, 19, 28, 230, 812, 428, 1771, 1856, 1643, 263, 6, 7, 42, 10, 255
15:55:24.037: 19, 16, 16, 19, 231, 1796, 312, 267, 8, 9, 8, 10, 236, 627, 3527, 1023
15:55:24.573: 17, 18, 16, 21, 24, 1046, 208, 300, 319, 292, 6, 8, 80, 438, 2998, 767
15:55:25.133: 17, 17, 13, 8, 147, 1044, 196, 278, 520, 91, 10, 10, 136, 268, 3200, 1023
15:55:25.671: 18, 17, 20, 20, 186, 1036, 234, 308, 264, 80, 7, 10, 172, 294, 3162, 1023
15:55:26.222: 17, 8, 16, 20, 223, 1040, 230, 482, 323, 73, 8, 8, 119, 329, 3217, 1023
15:55:26.754: 17, 22, 12, 18, 16, 1301, 48, 660, 264, 295, 8, 6, 215, 322, 3110, 1023
15:55:27.295: 16, 18, 16, 20, 42, 1300, 54, 667, 264, 304, 8, 6, 216, 324, 3190, 1023
15:55:27.824: 18, 18, 17, 19, 10, 1296, 28, 570, 261, 103, 7, 10, 102, 351, 3124, 1023
15:55:28.379: 19, 19, 17, 18, 39, 1299, 204, 395, 264, 98, 7, 9, 140, 324, 3169, 1023
15:55:28.909: 19, 16, 16, 20, 95, 1296, 229, 488, 261, 114, 259, 8, 151, 301, 3187, 1023
15:55:29.461: 18, 16, 18, 21, 114, 1302, 244, 443, 262, 97, 6, 5, 88, 313, 3255, 1023
15:55:29.986: 19, 16, 18, 18, 99, 1296, 247, 468, 264, 140, 7, 11, 250, 490, 2885, 767
15:55:30.543: 12, 16, 18, 19, 108, 1310, 225, 458, 267, 6, 10, 6, 98, 610, 3182, 767
15:55:31.069: 18, 17, 16, 17, 106, 1299, 56, 696, 264, 7, 6, 9, 29, 616, 3228, 767
15:55:31.622: 16, 17, 17, 36, 36, 1299, 44, 747, 262, 28, 6, 8, 52, 613, 3152, 767
15:55:32.147: 23, 18, 18, 20, 32, 1303, 6, 727, 262, 50, 8, 6, 48, 750, 2906, 767
15:55:32.715: 17, 20, 16, 18, 49, 1300, 35, 625, 260, 106, 4, 3, 100, 760, 2905, 767
15:55:33.242: 18, 20, 18, 16, 83, 1302, 91, 660, 262, 72, 3, 8, 53, 729, 2880, 767
15:55:33.784: 16, 16, 18, 18, 98, 1299, 26, 678, 264, 23, 7, 8, 71, 748, 2919, 767
15:55:34.326: 16, 12, 16, 19, 102, 1300, 12, 720, 262, 26, 9, 7, 243, 470, 2912, 767
15:55:34.865: 16, 16, 18, 18, 110, 1302, 230, 480, 263, 20, 7, 9, 219, 428, 2888, 767
15:55:35.422: 18, 17, 18, 22, 144, 1302, 67, 728, 266, 119, 8, 6, 7, 673, 2883, 767
15:55:35.944: 18, 11, 16, 18, 150, 1302, 54, 533, 522, 6, 7, 8, 231, 466, 2883, 767
15:55:36.481: 18, 16, 17, 16, 134, 1296, 72, 551, 519, 19, 8, 6, 48, 692, 2835, 767
15:55:37.036: 17, 12, 18, 16, 140, 1302, 55, 535, 519, 12, 6, 12, 28, 693, 2984, 511
15:55:37.573: 17, 11, 17, 8, 122, 1298, 120, 756, 260, 7, 8, 6, 128, 657, 3001, 511
15:55:38.114: 17, 16, 19, 24, 172, 1298, 130, 516, 520, 79, 9, 8, 27, 538, 3042, 511
15:55:38.656: 19, 16, 17, 20, 177, 1292, 228, 308, 521, 84, 8, 8, 68, 646, 3061, 511
15:55:39.196: 18, 12, 16, 17, 170, 1297, 238, 496, 264, 11, 10, 8, 90, 667, 3042, 511
15:55:39.735: 11, 16, 12, 20, 154, 1299, 44, 720, 264, 8, 8, 8, 112, 648, 3033, 511
15:55:40.272: 18, 16, 20, 12, 176, 1296, 54, 710, 266, 7, 8, 11, 68, 629, 3058, 511
15:55:40.824: 16, 16, 20, 19, 196, 1300, 16, 546, 516, 75, 6, 6, 198, 372, 3058, 511
15:55:41.347: 19, 17, 18, 20, 201, 1299, 28, 567, 520, 17, 8, 5, 23, 616, 3051, 511
15:55:41.904: 15, 15, 17, 19, 178, 1299, 33, 593, 519, 6, 7, 6, 48, 618, 3064, 511
15:55:42.436: 17, 18, 18, 20, 192, 1300, 53, 641, 520, 11, 6, 9, 6, 620, 3052, 511
15:55:42.976: 20, 19, 11, 21, 176, 1300, 106, 628, 520, 8, 8, 12, 27, 597, 3033, 511
15:55:43.512: 17, 25, 19, 22, 204, 1300, 97, 614, 522, 54, 5, 8, 82, 609, 3018, 511
15:55:44.065: 18, 17, 18, 18, 214, 1298, 66, 546, 519, 121, 10, 6, 130, 560, 3019, 511
15:55:44.609: 16, 18, 18, 20, 203, 1296, 50, 742, 266, 6, 4, 8, 11, 561, 2999, 511
15:55:45.148: 19, 15, 18, 16, 216, 1299, 98, 535, 524, 15, 6, 7, 6, 538, 3017, 511
15:55:45.686: 18, 20, 16, 20, 203, 1299, 32, 540, 520, 8, 7, 8, 148, 578, 3028, 511
15:55:46.228: 12, 16, 16, 18, 219, 1292, 50, 732, 264, 51, 8, 12, 66, 594, 3040, 511
15:55:46.763: 17, 17, 20, 12, 224, 1300, 34, 742, 262, 134, 8, 6, 158, 531, 3012, 511
15:55:47.322: 20, 18, 15, 21, 234, 1299, 56, 535, 520, 13, 6, 7, 150, 522, 3050, 511
15:55:47.843: 16, 16, 20, 18, 219, 1299, 51, 608, 521, 20, 8, 6, 146, 523, 3030, 511
15:55:48.386: 17, 18, 17, 20, 218, 1300, 43, 592, 520, 7, 7, 8, 117, 521, 3033, 511
15:55:48.928: 16, 18, 18, 20, 231, 1298, 36, 532, 518, 8, 6, 7, 162, 519, 3009, 511
15:55:49.468: 18, 18, 16, 12, 228, 1300, 69, 514, 522, 54, 6, 6, 38, 720, 2600, 767
15:55:50.024: 16, 12, 17, 20, 236, 1298, 38, 520, 517, 83, 4, 6, 131, 724, 2584, 767
15:55:50.555: 17, 13, 18, 16, 235, 1300, 40, 746, 263, 10, 6, 8, 184, 756, 2810, 511
15:55:51.096: 16, 22, 21, 20, 227, 1302, 17, 756, 262, 10, 5, 7, 146, 758, 2568, 767
15:55:51.636: 18, 23, 18, 23, 226, 1287, 15, 732, 264, 10, 10, 7, 132, 756, 2794, 511
15:55:52.179: 11, 8, 16, 22, 236, 1302, 15, 728, 264, 10, 4, 7, 99, 746, 2733, 511
15:55:52.717: 12, 16, 20, 18, 5, 1556, 19, 755, 260, 116, 7, 4, 133, 734, 2698, 511
15:55:53.254: 16, 20, 17, 16, 248, 1299, 80, 728, 262, 158, 4, 6, 172, 728, 2680, 511
15:55:53.793: 15, 22, 16, 18, 242, 1297, 56, 524, 516, 16, 4, 7, 167, 726, 2729, 511
15:55:54.336: 16, 16, 18, 17, 218, 1301, 44, 541, 520, 12, 8, 6, 110, 714, 2742, 511
15:55:54.887: 16, 16, 18, 21, 218, 1302, 88, 550, 518, 8, 6, 4, 68, 722, 2763, 511
15:55:55.423: 17, 16, 12, 18, 11, 1555, 65, 744, 259, 248, 6, 4, 186, 698, 2760, 511
15:55:55.958: 16, 17, 21, 18, 8, 1555, 77, 740, 262, 129, 7, 3, 220, 708, 2714, 511
15:55:56.497: 18, 18, 12, 19, 4, 1556, 86, 750, 263, 7, 7, 8, 74, 716, 2700, 511
15:55:57.049: 18, 16, 19, 16, 242, 1292, 91, 748, 263, 11, 7, 4, 58, 711, 2707, 511
15:55:57.586: 18, 20, 12, 13, 219, 1294, 115, 748, 263, 12, 5, 7, 50, 714, 2694, 511
15:55:58.124: 19, 15, 15, 19, 12, 1556, 118, 761, 264, 102, 5, 8, 80, 679, 2706, 511
15:55:58.661: 12, 13, 16, 18, 26, 1548, 98, 564, 516, 184, 6, 7, 138, 656, 2676, 511
15:55:59.213: 18, 15, 19, 24, 32, 1555, 132, 592, 519, 7, 9, 8, 138, 678, 2689, 511
15:55:59.753: 18, 16, 10, 21, 22, 1556, 117, 568, 520, 10, 7, 7, 42, 683, 2679, 511
15:56:00.292: 16, 17, 12, 24, 19, 1553, 106, 568, 518, 16, 6, 9, 81, 698, 2675, 511
15:56:00.833: 12, 12, 13, 12, 20, 1555, 117, 546, 518, 58, 8, 6, 132, 684, 2669, 511
15:56:01.374: 17, 15, 17, 20, 35, 1552, 88, 548, 518, 198, 6, 10, 102, 682, 2672, 511
15:56:01.928: 16, 17, 18, 16, 39, 1558, 109, 624, 519, 67, 7, 6, 168, 684, 2672, 511
15:56:02.453: 17, 19, 20, 20, 38, 1556, 133, 613, 518, 7, 6, 4, 116, 696, 2657, 511
15:56:02.994: 20, 11, 16, 22, 26, 1548, 156, 596, 516, 26, 3, 8, 100, 708, 2648, 511
15:56:03.538: 18, 12, 16, 12, 41, 1558, 144, 600, 519, 70, 8, 6, 99, 704, 2641, 511
15:56:04.075: 18, 12, 16, 22, 40, 1555, 102, 627, 520, 195, 2, 3, 165, 692, 2666, 511
15:56:04.616: 18, 18, 16, 22, 34, 1555, 137, 631, 520, 28, 7, 10, 176, 714, 2652, 511
15:56:05.159: 13, 18, 12, 20, 18, 1556, 151, 632, 514, 8, 6, 11, 148, 676, 2676, 511
15:56:05.697: 16, 19, 18, 24, 13, 1555, 145, 552, 520, 72, 4, 8, 172, 120, 2370, 511
15:56:06.239: 16, 12, 23, 16, 40, 1546, 140, 597, 519, 156, 7, 9, 202, 56, 2348, 511
15:56:06.777: 18, 16, 11, 12, 38, 1551, 238, 355, 518, 55, 266, 10, 180, 86, 2432, 511
15:56:07.326: 16, 16, 15, 16, 43, 1555, 71, 614, 519, 48, 9, 8, 134, 378, 2482, 511
15:56:07.861: 15, 20, 16, 23, 37, 1555, 117, 627, 518, 12, 8, 6, 144, 362, 2488, 511
15:56:08.416: 16, 18, 16, 17, 42, 1548, 132, 611, 524, 70, 6, 7, 84, 392, 2503, 511
15:56:08.953: 16, 18, 18, 20, 39, 1552, 148, 599, 517, 55, 7, 7, 50, 328, 2524, 511
15:56:09.492: 15, 16, 16, 17, 24, 1552, 68, 632, 518, 172, 260, 3, 10, 364, 2506, 511
15:56:10.032: 16, 18, 16, 18, 27, 1552, 87, 592, 516, 154, 3, 7, 107, 392, 2530, 511
15:56:10.569: 16, 12, 16, 19, 22, 1549, 134, 626, 518, 12, 6, 4, 106, 428, 2486, 511
15:56:11.122: 11, 18, 9, 17, 28, 1560, 140, 620, 521, 18, 7, 8, 76, 467, 2496, 511
15:56:11.658: 12, 16, 17, 18, 18, 1554, 130, 609, 520, 19, 6, 8, 180, 465, 2487, 511
15:56:12.214: 16, 16, 16, 22, 23, 1556, 135, 566, 520, 27, 4, 4, 210, 450, 2484, 511
15:56:12.739: 16, 16, 16, 19, 16, 1552, 71, 608, 517, 184, 262, 2, 80, 360, 2432, 511
15:56:13.268: 18, 17, 17, 16, 17, 1555, 56, 625, 521, 27, 258, 2, 109, 391, 2486, 511
15:56:13.823: 18, 18, 18, 20, 18, 1555, 55, 628, 519, 76, 4, 7, 72, 426, 2499, 511
15:56:14.355: 16, 16, 22, 20, 6, 1556, 64, 626, 518, 37, 8, 7, 176, 429, 2475, 511
15:56:14.915: 12, 16, 16, 17, 4, 1547, 75, 617, 518, 26, 7, 2, 134, 433, 2461, 511
15:56:15.439: 10, 23, 22, 19, 25, 1556, 64, 646, 519, 116, 7, 4, 200, 368, 2460, 511
15:56:15.977: 16, 16, 16, 17, 40, 1555, 176, 408, 519, 56, 262, 8, 208, 263, 2481, 511
15:56:16.527: 16, 16, 19, 17, 28, 1553, 44, 690, 520, 227, 6, 6, 203, 308, 2467, 511
15:56:17.067: 12, 11, 16, 18, 5, 1553, 42, 697, 516, 145, 7, 8, 169, 465, 2210, 511
15:56:17.622: 19, 16, 17, 18, 16, 1556, 56, 673, 521, 147, 6, 6, 122, 440, 2197, 511
15:56:18.142: 16, 17, 16, 19, 22, 1554, 55, 682, 515, 146, 4, 5, 28, 385, 2134, 511
15:56:18.679: 12, 16, 18, 18, 50, 1555, 2, 640, 521, 166, 260, 5, 247, 156, 2151, 511
15:56:19.232: 17, 18, 16, 21, 55, 1558, 86, 647, 516, 242, 8, 7, 224, 103, 2188, 511
15:56:19.771: 16, 12, 16, 27, 56, 1562, 80, 608, 520, 166, 4, 1, 36, 388, 2183, 511
15:56:20.327: 12, 17, 16, 11, 52, 1554, 87, 632, 520, 167, 6, 8, 98, 420, 2192, 511
15:56:20.846: 15, 17, 10, 18, 48, 1553, 64, 682, 521, 65, 3, 6, 130, 393, 2166, 511
15:56:21.386: 16, 20, 17, 16, 36, 1554, 88, 709, 520, 109, 8, 4, 149, 360, 2151, 511
15:56:21.938: 13, 20, 10, 12, 56, 1554, 115, 712, 521, 99, 264, 6, 28, 364, 2157, 511
15:56:22.473: 16, 20, 16, 24, 64, 1556, 76, 664, 521, 182, 262, 9, 134, 312, 2160, 511
15:56:23.026: 6, 16, 16, 19, 56, 1552, 105, 658, 519, 37, 263, 6, 56, 354, 2151, 511
15:56:23.551: 16, 11, 15, 12, 56, 1555, 88, 600, 520, 176, 6, 9, 151, 420, 2160, 511
15:56:24.093: 14, 15, 15, 16, 56, 1553, 103, 664, 519, 243, 6, 10, 152, 424, 2160, 511
15:56:24.635: 12, 19, 12, 17, 58, 1554, 136, 665, 521, 232, 4, 10, 195, 455, 2178, 511
15:56:25.185: 18, 28, 18, 8, 41, 1545, 58, 628, 516, 195, 6, 6, 204, 450, 2184, 511
15:56:25.726: 18, 22, 17, 19, 68, 1554, 43, 580, 520, 247, 7, 10, 210, 386, 2202, 511
15:56:26.264: 16, 12, 16, 17, 15, 1556, 32, 578, 519, 198, 262, 8, 158, 408, 2151, 511
15:56:26.819: 17, 12, 16, 8, 27, 1554, 132, 527, 518, 44, 262, 6, 180, 424, 2166, 511
15:56:27.343: 18, 12, 13, 19, 229, 1299, 150, 576, 519, 218, 7, 7, 241, 435, 2183, 511
15:56:27.882: 16, 0, 18, 18, 238, 1302, 148, 546, 519, 199, 6, 0, 235, 451, 2179, 511
15:56:28.421: 17, 22, 15, 20, 16, 1568, 102, 594, 515, 106, 7, 8, 195, 464, 2169, 511
15:56:28.957: 16, 19, 16, 20, 17, 1558, 153, 592, 519, 146, 262, 8, 234, 500, 1923, 511
15:56:29.498: 11, 16, 17, 17, 21, 1556, 149, 580, 520, 105, 263, 7, 132, 273, 2177, 511
15:56:30.050: 16, 12, 18, 20, 12, 1554, 153, 586, 520, 220, 7, 6, 204, 311, 2164, 511
15:56:30.588: 8, 18, 18, 19, 26, 1554, 150, 594, 519, 225, 8, 8, 183, 344, 2163, 511
15:56:31.129: 16, 14, 17, 20, 26, 1556, 134, 644, 520, 196, 6, 4, 204, 332, 2183, 511
15:56:31.666: 16, 15, 8, 20, 22, 1556, 169, 621, 520, 217, 4, 7, 212, 344, 2214, 511
15:56:32.217: 19, 11, 18, 19, 23, 1556, 136, 631, 521, 156, 262, 5, 136, 322, 2214, 511
15:56:32.752: 21, 12, 17, 12, 35, 1553, 178, 630, 520, 232, 4, 2, 171, 354, 2201, 511
15:56:33.291: 16, 16, 16, 18, 33, 1552, 152, 640, 520, 231, 1, 8, 177, 348, 2182, 511
15:56:33.830: 18, 17, 15, 26, 34, 1560, 146, 632, 516, 197, 11, 6, 201, 345, 2161, 511
15:56:34.369: 12, 16, 18, 0, 36, 1559, 150, 656, 515, 8, 263, 8, 210, 352, 2160, 511
15:56:34.912: 16, 16, 17, 16, 32, 1552, 170, 610, 519, 148, 262, 0, 186, 265, 2156, 511
15:56:35.452: 16, 19, 19, 16, 50, 1554, 161, 588, 517, 92, 262, 10, 147, 300, 2156, 511
15:56:36.018: 16, 11, 20, 22, 49, 1555, 179, 628, 518, 195, 6, 3, 193, 276, 2136, 511
15:56:36.541: 18, 18, 18, 18, 39, 1557, 176, 617, 520, 165, 4, 5, 208, 306, 2144, 511
15:56:37.076: 16, 12, 17, 13, 28, 1558, 173, 598, 519, 165, 4, 7, 216, 325, 2139, 511
15:56:37.617: 13, 17, 20, 23, 38, 1554, 162, 612, 518, 240, 4, 8, 226, 256, 2155, 511
15:56:38.159: 16, 8, 18, 17, 50, 1555, 170, 598, 518, 177, 263, 6, 171, 502, 1864, 511
15:56:38.714: 16, 19, 19, 19, 52, 1554, 168, 634, 519, 14, 264, 9, 210, 296, 2152, 511
15:56:39.239: 18, 16, 7, 19, 53, 1558, 168, 608, 522, 16, 264, 8, 83, 338, 2185, 511
15:56:39.774: 19, 16, 12, 18, 52, 1554, 161, 624, 520, 28, 10, 4, 137, 372, 2183, 511
15:56:40.329: 16, 12, 12, 18, 55, 1554, 168, 630, 520, 152, 264, 3, 56, 386, 2194, 511
15:56:40.869: 17, 19, 17, 18, 65, 1556, 164, 625, 520, 35, 262, 7, 164, 352, 2205, 511
15:56:41.416: 16, 16, 17, 12, 50, 1556, 160, 630, 518, 234, 7, 6, 163, 338, 2215, 511
15:56:41.948: 16, 16, 8, 32, 44, 1558, 147, 624, 519, 8, 264, 9, 132, 375, 2208, 511
15:56:42.484: 17, 16, 12, 22, 47, 1554, 149, 648, 523, 24, 262, 7, 153, 324, 2234, 511
15:56:43.022: 12, 17, 19, 19, 56, 1570, 110, 615, 518, 82, 263, 9, 118, 290, 2252, 511
15:56:43.575: 17, 16, 17, 20, 68, 1556, 129, 560, 518, 56, 263, 8, 147, 312, 2246, 511
15:56:44.115: 16, 19, 20, 22, 69, 1555, 150, 730, 264, 41, 264, 20, 199, 356, 2254, 511
15:56:44.654: 16, 9, 10, 20, 56, 1556, 148, 518, 519, 46, 263, 7, 168, 332, 2246, 511
15:56:45.189: 17, 12, 10, 18, 52, 1555, 144, 540, 524, 54, 260, 3, 147, 362, 2241, 511
15:56:45.729: 16, 11, 16, 17, 68, 1556, 52, 580, 522, 127, 263, 6, 119, 324, 2244, 511
15:56:46.269: 15, 16, 19, 20, 70, 1556, 96, 584, 518, 105, 267, 5, 180, 324, 2221, 511
15:56:46.825: 18, 19, 18, 20, 70, 1556, 84, 586, 520, 16, 263, 8, 166, 328, 2220, 511
15:56:47.362: 20, 18, 18, 22, 67, 1554, 87, 587, 518, 215, 7, 6, 150, 354, 2232, 511
15:56:47.914: 16, 8, 11, 28, 66, 1555, 84, 613, 519, 200, 7, 4, 145, 355, 2204, 511
15:56:48.440: 20, 16, 16, 23, 71, 1558, 104, 620, 520, 220, 263, 7, 196, 328, 2204, 511
15:56:48.975: 19, 20, 17, 20, 76, 1560, 66, 600, 520, 150, 267, 7, 168, 342, 2199, 511
15:56:49.529: 19, 16, 19, 20, 90, 1558, 98, 656, 518, 246, 10, 9, 196, 370, 2200, 511
15:56:50.067: 17, 16, 17, 18, 98, 1553, 81, 644, 516, 203, 7, 8, 145, 377, 2195, 511
15:56:50.619: 19, 12, 16, 20, 96, 1554, 102, 652, 519, 232, 8, 8, 150, 374, 2204, 511
15:56:51.144: 16, 17, 18, 19, 83, 1559, 107, 651, 520, 100, 260, 6, 192, 323, 2215, 511
15:56:51.681: 18, 16, 20, 18, 85, 1553, 116, 560, 515, 58, 260, 6, 204, 328, 2226, 511
15:56:52.222: 18, 19, 19, 18, 89, 1554, 135, 643, 518, 6, 264, 8, 204, 353, 2214, 511
15:56:52.764: 16, 12, 12, 18, 91, 1553, 120, 556, 517, 199, 7, 6, 139, 341, 2199, 511
15:56:53.317: 17, 18, 18, 19, 99, 1556, 112, 600, 519, 199, 10, 6, 164, 346, 2204, 511
15:56:53.854: 16, 12, 16, 17, 96, 1560, 105, 607, 520, 104, 260, 6, 192, 296, 2230, 511
15:56:54.394: 16, 18, 11, 16, 96, 1554, 86, 601, 519, 66, 264, 8, 202, 302, 2219, 511
15:56:54.925: 20, 9, 18, 18, 98, 1551, 105, 592, 519, 242, 8, 9, 211, 336, 2195, 511
15:56:55.466: 19, 16, 20, 18, 96, 1556, 119, 634, 518, 9, 260, 3, 168, 362, 2192, 511
15:56:56.023: 19, 16, 16, 19, 99, 1555, 114, 584, 516, 233, 8, 10, 178, 352, 2201, 511
15:56:56.547: 18, 23, 16, 18, 97, 1556, 76, 665, 515, 102, 258, 6, 164, 498, 1958, 511
15:56:57.117: 16, 8, 18, 18, 96, 1555, 80, 660, 520, 52, 259, 7, 211, 268, 2211, 511
15:56:57.638: 16, 18, 18, 18, 91, 1568, 88, 615, 520, 243, 7, 10, 216, 300, 2214, 511
15:56:58.176: 18, 26, 18, 18, 96, 1555, 96, 622, 518, 18, 265, 7, 172, 307, 2198, 511
15:56:58.716: 18, 20, 12, 18, 100, 1554, 99, 656, 521, 162, 3, 6, 195, 304, 2196, 511
15:56:59.256: 16, 16, 19, 18, 96, 1553, 106, 684, 517, 40, 262, 8, 197, 299, 2231, 511
15:56:59.793: 18, 18, 19, 20, 96, 1557, 82, 679, 520, 172, 262, 10, 186, 264, 2229, 511
15:57:00.349: 17, 13, 18, 20, 101, 1556, 84, 602, 519, 17, 260, 7, 202, 298, 2218, 511
15:57:00.877: 16, 16, 19, 20, 100, 1554, 104, 628, 520, 242, 10, 11, 186, 300, 2208, 511
15:57:01.417: 17, 15, 16, 20, 96, 1554, 101, 598, 519, 184, 8, 9, 198, 298, 2202, 511
15:57:01.968: 15, 16, 18, 2, 86, 1539, 105, 633, 518, 249, 5, 6, 204, 304, 2211, 511
15:57:02.521: 15, 19, 19, 19, 104, 1557, 88, 608, 519, 136, 264, 7, 202, 257, 2218, 511
15:57:03.046: 20, 16, 18, 20, 91, 1557, 20, 643, 517, 21, 268, 6, 215, 271, 2211, 511
15:57:03.587: 18, 17, 16, 20, 50, 1554, 36, 692, 519, 7, 260, 2, 183, 293, 2180, 511
15:57:04.125: 18, 19, 17, 19, 80, 1559, 66, 692, 520, 2, 264, 11, 146, 307, 2161, 511
15:57:04.675: 19, 17, 17, 17, 73, 1556, 58, 656, 522, 48, 263, 10, 208, 284, 2187, 511
15:57:05.216: 18, 20, 19, 18, 49, 1554, 250, 408, 519, 38, 262, 6, 196, 503, 1945, 511
15:57:05.758: 12, 16, 17, 12, 39, 1553, 36, 632, 518, 3, 262, 7, 211, 297, 2200, 511
15:57:06.282: 16, 16, 18, 19, 50, 1557, 66, 640, 522, 5, 263, 8, 170, 304, 2198, 511
15:57:06.838: 16, 12, 16, 17, 17, 1555, 73, 649, 518, 18, 263, 9, 173, 321, 2188, 511
15:57:07.374: 17, 18, 16, 18, 216, 1302, 72, 646, 519, 19, 259, 8, 217, 328, 2192, 511
15:57:07.912: 17, 16, 18, 18, 209, 1301, 141, 402, 520, 96, 264, 6, 180, 294, 2192, 511
15:57:08.452: 16, 10, 16, 17, 194, 1309, 38, 434, 519, 33, 262, 6, 194, 300, 2192, 511
15:57:09.019: 16, 16, 16, 20, 193, 1296, 97, 456, 518, 231, 6, 7, 160, 327, 2180, 511
15:57:09.540: 16, 16, 16, 20, 194, 1300, 168, 476, 519, 173, 7, 4, 179, 335, 2191, 511
15:57:10.077: 16, 12, 12, 23, 178, 1298, 122, 370, 518, 163, 262, 8, 178, 309, 2182, 511
15:57:10.630: 16, 19, 16, 24, 171, 1297, 97, 388, 521, 48, 264, 10, 168, 295, 2195, 511
15:57:11.165: 16, 12, 18, 12, 177, 1299, 219, 404, 519, 235, 8, 9, 141, 280, 2167, 511
15:57:11.720: 15, 16, 20, 20, 194, 1298, 166, 413, 518, 223, 8, 7, 168, 325, 2198, 511
15:57:12.241: 20, 16, 18, 19, 198, 1300, 224, 407, 519, 206, 5, 3, 180, 342, 2204, 511
15:57:12.779: 16, 13, 16, 25, 193, 1301, 167, 390, 520, 224, 263, 10, 139, 322, 2167, 511
15:57:13.326: 19, 11, 21, 16, 202, 1299, 96, 412, 520, 69, 262, 8, 184, 346, 2188, 511
15:57:13.861: 16, 18, 12, 20, 204, 1300, 156, 472, 518, 176, 5, 6, 208, 304, 2099, 511
15:57:14.428: 16, 15, 18, 14, 246, 1300, 52, 265, 777, 218, 4, 6, 179, 451, 1820, 511
15:57:14.950: 18, 17, 18, 19, 238, 1303, 166, 488, 519, 218, 8, 4, 18, 666, 1990, 511
15:57:15.490: 17, 16, 20, 19, 10, 1554, 32, 648, 520, 38, 261, 8, 2, 647, 1992, 511
15:57:16.032: 19, 18, 21, 18, 24, 1557, 114, 664, 522, 198, 7, 8, 192, 261, 2231, 511
15:57:16.565: 17, 20, 16, 12, 41, 1560, 148, 621, 519, 24, 262, 8, 194, 296, 2244, 511
15:57:17.117: 19, 19, 20, 22, 42, 1556, 152, 610, 518, 12, 262, 9, 238, 338, 2246, 511
15:57:17.657: 18, 10, 17, 18, 43, 1556, 138, 618, 520, 230, 6, 3, 4, 598, 2264, 511
15:57:18.197: 22, 17, 18, 24, 44, 1552, 151, 616, 522, 16, 260, 8, 70, 656, 2258, 511
15:57:18.741: 12, 12, 16, 19, 50, 1554, 58, 616, 520, 80, 262, 8, 75, 641, 2276, 511
15:57:19.274: 15, 18, 17, 18, 57, 1558, 95, 641, 517, 242, 7, 7, 230, 394, 2275, 511
15:57:19.813: 23, 12, 18, 26, 64, 1554, 136, 626, 517, 2, 262, 6, 208, 396, 2256, 511
15:57:20.366: 19, 6, 18, 18, 59, 1554, 161, 630, 515, 0, 260, 6, 45, 650, 2272, 511
15:57:20.921: 16, 16, 17, 18, 68, 1554, 171, 630, 519, 10, 262, 6, 70, 658, 2273, 511
15:57:21.444: 12, 16, 18, 12, 64, 1553, 80, 642, 521, 150, 262, 7, 140, 678, 2278, 511
15:57:21.978: 18, 22, 20, 19, 75, 1555, 161, 614, 521, 211, 10, 8, 23, 736, 2284, 511
15:57:22.529: 18, 16, 20, 18, 72, 1556, 134, 620, 518, 48, 262, 7, 87, 696, 2231, 511
15:57:23.066: 18, 16, 17, 19, 73, 1558, 136, 640, 521, 236, 8, 8, 103, 746, 2080, 767
15:57:23.619: 16, 16, 18, 18, 75, 1554, 134, 630, 524, 26, 266, 11, 115, 532, 2358, 767
15:57:24.142: 19, 19, 18, 12, 89, 1558, 90, 652, 519, 12, 264, 8, 155, 516, 2554, 511
15:57:24.682: 18, 17, 18, 21, 90, 1555, 121, 652, 522, 242, 10, 4, 144, 535, 2549, 511
15:57:25.224: 17, 19, 17, 22, 89, 1544, 164, 640, 518, 39, 261, 8, 199, 528, 2411, 767
15:57:25.775: 18, 18, 21, 22, 88, 1556, 154, 625, 518, 172, 8, 10, 166, 530, 2432, 767
15:57:26.313: 20, 20, 18, 28, 91, 1560, 156, 652, 520, 246, 8, 8, 132, 538, 2442, 767
15:57:26.852: 17, 1, 18, 20, 84, 1555, 97, 632, 520, 34, 264, 7, 174, 515, 2416, 767
15:57:27.387: 16, 16, 18, 28, 90, 1557, 129, 641, 520, 36, 264, 8, 194, 522, 2407, 767
15:57:27.928: 17, 16, 20, 18, 90, 1555, 168, 635, 519, 146, 7, 12, 122, 516, 2403, 767
15:57:28.481: 18, 16, 18, 18, 96, 1556, 150, 652, 518, 162, 15, 10, 74, 514, 2418, 767
15:57:29.021: 16, 16, 18, 10, 90, 1555, 153, 604, 519, 172, 7, 8, 135, 754, 2161, 767
15:57:29.564: 12, 16, 16, 18, 91, 1556, 140, 652, 518, 79, 263, 3, 128, 528, 2411, 767
15:57:30.112: 17, 16, 16, 18, 88, 1555, 81, 660, 522, 98, 264, 7, 172, 551, 2412, 767
15:57:30.641: 18, 16, 16, 16, 100, 1556, 131, 677, 520, 37, 264, 9, 200, 566, 2408, 767
15:57:31.168: 18, 16, 17, 20, 100, 1555, 138, 628, 518, 204, 5, 5, 105, 567, 2412, 767
15:57:31.711: 16, 11, 17, 15, 91, 1554, 138, 648, 518, 154, 6, 3, 69, 552, 2417, 767
15:57:32.255: 16, 15, 16, 7, 100, 1551, 132, 652, 518, 37, 262, 5, 152, 578, 2431, 767
15:57:32.816: 16, 16, 17, 23, 99, 1554, 146, 686, 519, 55, 264, 7, 172, 550, 2444, 767
15:57:33.340: 12, 18, 18, 26, 100, 1560, 156, 676, 524, 35, 262, 8, 168, 576, 2408, 767
15:57:33.877: 16, 12, 12, 18, 100, 1554, 152, 668, 516, 196, 7, 8, 132, 584, 2426, 767
15:57:34.421: 16, 35, 16, 18, 101, 1558, 156, 620, 520, 230, 4, 6, 144, 586, 2444, 767
15:57:34.958: 16, 11, 19, 16, 100, 1559, 166, 668, 519, 35, 260, 6, 183, 578, 2354, 767
15:57:35.515: 16, 11, 17, 19, 100, 1555, 178, 673, 524, 65, 266, 6, 186, 583, 2355, 767
15:57:36.055: 15, 16, 20, 19, 102, 1555, 184, 665, 520, 32, 262, 8, 200, 582, 2324, 767
15:57:36.595: 18, 17, 24, 19, 99, 1558, 180, 657, 519, 242, 7, 7, 173, 576, 2423, 767
15:57:37.134: 16, 18, 12, 19, 98, 1556, 174, 647, 518, 198, 4, 7, 122, 582, 2425, 767
15:57:37.674: 15, 16, 17, 20, 100, 1554, 183, 642, 519, 243, 8, 9, 177, 583, 2442, 767
15:57:38.215: 16, 15, 16, 12, 99, 1554, 92, 682, 520, 72, 261, 4, 182, 578, 2448, 767
15:57:38.756: 15, 18, 17, 7, 100, 1559, 140, 668, 521, 38, 263, 4, 200, 595, 2451, 767
15:57:39.296: 13, 16, 10, 21, 98, 1556, 149, 688, 520, 4, 262, 8, 148, 584, 2442, 767
15:57:39.835: 16, 19, 12, 20, 97, 1555, 156, 678, 519, 18, 8, 8, 145, 576, 2437, 767
15:57:40.372: 16, 16, 18, 18, 102, 1554, 171, 668, 519, 26, 264, 7, 166, 566, 2448, 767
15:57:40.925: 19, 6, 16, 19, 98, 1556, 147, 692, 520, 20, 272, 5, 192, 548, 2456, 767
15:57:41.464: 17, 18, 16, 16, 91, 1555, 102, 689, 522, 34, 263, 11, 235, 557, 2451, 767
15:57:42.022: 16, 24, 16, 19, 96, 1553, 156, 676, 515, 17, 264, 4, 212, 568, 2432, 767
15:57:42.544: 24, 16, 20, 18, 99, 1561, 148, 674, 518, 19, 6, 6, 156, 566, 2440, 767
15:57:43.081: 18, 9, 16, 18, 92, 1556, 167, 616, 518, 23, 8, 8, 162, 567, 2434, 767
15:57:43.619: 16, 16, 17, 16, 71, 1558, 219, 309, 518, 36, 262, 10, 182, 566, 2409, 767
15:57:44.159: 17, 16, 12, 18, 83, 1554, 214, 326, 518, 151, 263, 6, 214, 568, 2414, 767
15:57:44.697: 16, 15, 17, 19, 51, 1555, 10, 643, 513, 244, 7, 4, 224, 586, 2418, 767
15:57:45.248: 16, 17, 17, 19, 28, 1554, 33, 629, 517, 224, 12, 8, 178, 584, 2388, 767
15:57:45.783: 16, 16, 12, 18, 24, 1554, 32, 640, 518, 144, 6, 6, 158, 588, 2377, 767
15:57:46.332: 16, 16, 19, 11, 40, 1556, 58, 617, 518, 58, 264, 9, 178, 554, 2532, 511
15:57:46.868: 16, 13, 19, 9, 45, 1555, 55, 605, 517, 40, 264, 8, 230, 556, 2376, 767
15:57:47.424: 16, 18, 12, 20, 56, 1547, 65, 587, 518, 5, 262, 6, 200, 584, 2358, 767
15:57:47.957: 16, 4, 17, 7, 57, 1536, 40, 650, 518, 42, 6, 3, 156, 584, 2356, 767
15:57:48.496: 19, 18, 18, 36, 74, 1536, 43, 646, 518, 194, 4, 6, 150, 567, 2348, 767
15:57:49.035: 18, 16, 18, 17, 74, 1556, 83, 656, 516, 55, 264, 6, 208, 595, 2374, 767
15:57:49.569: 17, 9, 20, 20, 72, 1546, 68, 632, 515, 91, 265, 6, 178, 566, 2372, 767
15:57:50.123: 16, 9, 18, 18, 76, 1560, 66, 670, 519, 43, 265, 12, 196, 592, 2369, 767
15:57:50.660: 17, 13, 20, 18, 71, 1554, 72, 634, 519, 246, 7, 9, 168, 578, 2332, 767
15:57:51.184: 12, 18, 19, 16, 74, 1557, 96, 666, 520, 53, 260, 6, 178, 587, 2352, 767
15:57:51.737: 16, 20, 18, 21, 82, 1557, 67, 664, 518, 114, 262, 9, 168, 561, 2358, 767
15:57:52.273: 16, 16, 16, 22, 80, 1555, 77, 663, 518, 56, 263, 9, 198, 592, 2360, 767
15:57:52.828: 18, 12, 12, 23, 80, 1556, 84, 684, 519, 7, 267, 6, 196, 611, 2332, 767
15:57:53.365: 13, 19, 17, 19, 73, 1548, 86, 686, 518, 122, 10, 9, 167, 598, 2314, 767
15:57:53.921: 19, 23, 17, 19, 72, 1555, 96, 664, 518, 179, 8, 10, 168, 613, 2314, 767
15:57:54.446: 17, 10, 12, 20, 80, 1555, 92, 679, 519, 108, 266, 6, 211, 566, 2308, 767
15:57:54.986: 17, 16, 18, 20, 37, 1552, 18, 544, 519, 24, 262, 7, 226, 576, 2550, 511
15:57:55.531: 18, 18, 19, 16, 53, 1546, 7, 562, 518, 6, 5, 4, 177, 583, 2534, 511
15:57:56.064: 17, 19, 13, 16, 34, 1556, 186, 347, 518, 17, 7, 9, 118, 592, 2522, 511
15:57:56.618: 16, 19, 16, 16, 52, 1545, 214, 427, 518, 53, 263, 8, 167, 587, 2324, 767
15:57:57.142: 16, 16, 25, 18, 68, 1555, 12, 672, 518, 8, 260, 7, 204, 554, 2321, 767
15:57:57.695: 17, 12, 17, 19, 48, 1555, 212, 396, 519, 8, 7, 2, 113, 675, 2246, 511
15:57:58.236: 16, 11, 12, 17, 92, 1553, 38, 630, 521, 7, 259, 8, 182, 314, 2098, 511
15:57:58.776: 16, 10, 16, 19, 98, 1557, 28, 724, 518, 0, 263, 7, 20, 625, 2074, 511
15:57:59.328: 10, 11, 16, 18, 87, 1555, 23, 715, 518, 20, 264, 10, 18, 600, 2156, 511
15:57:59.853: 12, 12, 26, 19, 120, 1556, 215, 406, 522, 99, 266, 7, 102, 274, 2093, 511
15:58:00.392: 16, 28, 11, 20, 113, 1556, 56, 400, 519, 27, 268, 3, 195, 162, 1813, 511
15:58:00.934: 16, 19, 18, 16, 248, 1299, 224, 18, 519, 156, 264, 6, 179, 68, 1826, 511
15:58:01.469: 13, 16, 17, 19, 240, 12, 129, 326, 1040, 492, 262, 4, 7, 54, 1082, 1023
15:58:02.025: 18, 20, 18, 17, 116, 2212, 12, 796, 1282, 1088, 516, 4, 6, 22, 1227, 767
15:58:02.561: 196, 22, 19, 196, 822, 264, 1196, 1171, 519, 0, 7, 4, 133, 1895, 3635, 511
15:58:03.096: 36, 1300, 16, 115, 567, 2468, 19, 227, 522, 5, 7, 6, 107, 2130, 3718, 511
15:58:03.637: 16, 16, 16, 131, 40, 2968, 816, 1368, 1456, 1362, 8, 8, 28, 1744, 3352, 255
15:58:04.175: 18, 18, 19, 20, 54, 16, 162, 396, 3106, 3396, 1031, 6, 7, 246, 3148, 255
15:58:04.714: 18, 16, 13, 18, 629, 1810, 17, 180, 1156, 1352, 2083, 41, 1033, 92, 1684, 767
15:58:05.265: 16, 19, 212, 665, 1181, 1555, 16, 70, 1468, 1964, 2055, 136, 7, 74, 1682, 767
15:58:05.821: 9, 17, 146, 612, 1008, 1546, 16, 98, 1456, 2275, 2311, 147, 5, 40, 1891, 767
15:58:06.345: 18, 18, 40, 614, 774, 1808, 18, 152, 1514, 1536, 2055, 170, 1032, 198, 1704, 767
15:58:06.886: 15, 17, 16, 16, 15, 19, 18, 3, 2209, 1827, 2983, 2629, 2988, 294, 778, 255
15:58:07.427: 16, 12, 16, 20, 18, 7, 19, 238, 1865, 2721, 2531, 1645, 2038, 1654, 520, 255
15:58:07.966: 16, 18, 17, 43, 25, 1296, 18, 172, 1830, 1972, 1798, 0, 867, 233, 1578, 255
15:58:08.524: 12, 16, 48, 560, 915, 1554, 18, 114, 2040, 1128, 1542, 146, 1740, 883, 1923, 255
15:58:09.046: 15, 16, 16, 28, 118, 1061, 16, 37, 2184, 1914, 1928, 153, 2438, 1372, 1553, 255
15:58:09.586: 17, 18, 87, 35, 146, 1043, 16, 82, 2191, 2052, 1801, 64, 2058, 896, 1582, 255
15:58:10.126: 17, 16, 140, 295, 120, 1046, 18, 37, 2112, 2516, 1798, 102, 2220, 995, 1545, 255
15:58:10.677: 20, 20, 119, 276, 71, 1043, 18, 89, 2076, 2310, 2050, 178, 2276, 585, 1800, 255
15:58:11.216: 18, 16, 84, 278, 88, 533, 22, 10, 2187, 2294, 1799, 135, 2132, 540, 1863, 255
15:58:11.754: 17, 10, 68, 281, 150, 786, 18, 40, 2052, 2549, 1796, 140, 2123, 560, 1812, 255
15:58:12.293: 16, 18, 92, 279, 180, 786, 19, 48, 2104, 2424, 2056, 160, 2241, 596, 1811, 255
15:58:12.834: 13, 16, 100, 275, 89, 530, 17, 51, 2071, 2484, 2055, 234, 2187, 867, 1814, 255
15:58:13.370: 18, 12, 131, 290, 4, 532, 20, 54, 2285, 2122, 2055, 28, 2456, 844, 1815, 255
15:58:13.926: 18, 17, 87, 284, 235, 275, 18, 76, 2296, 2105, 2064, 1, 2535, 640, 1819, 255
15:58:14.465: 16, 19, 242, 25, 113, 791, 17, 79, 2102, 2544, 1800, 240, 2218, 666, 1831, 255
15:58:15.015: 18, 16, 40, 267, 72, 786, 19, 92, 2147, 2407, 2055, 201, 2216, 836, 1830, 255
15:58:15.541: 19, 12, 79, 278, 10, 789, 18, 107, 2164, 2457, 2057, 219, 2073, 1063, 1820, 255
15:58:16.079: 16, 7, 38, 279, 180, 536, 20, 130, 2168, 2408, 2056, 8, 2421, 907, 1824, 255
15:58:16.622: 19, 17, 50, 274, 218, 534, 17, 66, 2162, 2404, 2054, 44, 2464, 948, 1832, 255
15:58:17.161: 14, 17, 80, 274, 0, 788, 13, 41, 2156, 2471, 2054, 26, 2512, 942, 1826, 255
15:58:17.719: 18, 18, 17, 273, 176, 277, 22, 218, 1830, 2355, 2058, 240, 2282, 824, 1836, 255
15:58:18.244: 16, 20, 66, 276, 201, 274, 18, 24, 2162, 2400, 2056, 58, 2484, 902, 1841, 255
15:58:18.792: 16, 16, 73, 277, 195, 276, 19, 6, 2148, 2440, 2054, 52, 2460, 905, 1843, 255
15:58:19.335: 10, 19, 96, 275, 233, 275, 24, 17, 2144, 2515, 2054, 56, 2553, 966, 1834, 255
15:58:19.876: 16, 16, 112, 276, 248, 276, 16, 17, 2152, 2515, 2063, 27, 2536, 923, 1831, 255
15:58:20.416: 17, 17, 84, 275, 233, 276, 12, 29, 2136, 2496, 2052, 32, 2323, 1123, 1828, 255
15:58:20.955: 18, 19, 97, 276, 230, 274, 18, 44, 2124, 2484, 2056, 24, 2546, 854, 1864, 255
15:58:21.489: 18, 18, 104, 289, 16, 532, 17, 64, 2134, 2433, 2058, 24, 2439, 888, 1865, 255
15:58:22.042: 17, 17, 100, 290, 32, 534, 20, 21, 2092, 2411, 2058, 49, 2552, 934, 1864, 255
15:58:22.578: 13, 18, 118, 300, 57, 534, 16, 22, 2118, 2487, 2056, 70, 2314, 1186, 1864, 255
15:58:23.115: 17, 16, 44, 277, 195, 528, 19, 196, 1888, 2407, 2053, 32, 2339, 1170, 1850, 255
15:58:23.654: 16, 16, 83, 280, 214, 534, 20, 228, 1926, 2440, 2055, 4, 2360, 1142, 1848, 255
15:58:24.194: 17, 18, 80, 274, 177, 534, 18, 10, 2188, 2483, 2056, 227, 2274, 852, 1846, 255
15:58:24.744: 16, 16, 74, 275, 211, 529, 16, 11, 2163, 2477, 2054, 247, 2280, 878, 1850, 255
15:58:25.280: 16, 20, 89, 274, 210, 534, 20, 242, 1912, 2515, 2056, 19, 2340, 1138, 1862, 255
15:58:25.818: 22, 12, 115, 278, 207, 528, 19, 48, 2179, 2502, 2056, 10, 2319, 1128, 1849, 255
15:58:26.370: 12, 16, 107, 276, 167, 531, 18, 26, 2182, 2528, 2072, 24, 2374, 1154, 1861, 255
15:58:26.918: 16, 18, 89, 278, 136, 530, 20, 50, 2200, 2423, 2054, 10, 2548, 902, 1888, 255
15:58:27.445: 16, 18, 83, 280, 132, 532, 21, 46, 2210, 2476, 2060, 64, 2372, 1207, 1858, 255
15:58:27.985: 12, 16, 100, 277, 156, 534, 18, 28, 2210, 2464, 2056, 40, 2512, 934, 1884, 255
15:58:28.528: 18, 18, 100, 275, 154, 534, 18, 35, 2198, 2458, 2056, 36, 2343, 1155, 1884, 255
15:58:29.063: 18, 18, 97, 263, 152, 533, 15, 39, 2225, 2528, 2057, 54, 2323, 1194, 1895, 255
15:58:29.614: 16, 21, 82, 279, 140, 530, 18, 16, 2239, 2424, 2057, 28, 2326, 1197, 1892, 255
15:58:30.137: 12, 13, 107, 276, 147, 534, 17, 220, 1994, 2483, 2054, 66, 2383, 1224, 1893, 255
15:58:30.692: 16, 17, 108, 280, 104, 532, 16, 194, 1992, 2518, 2056, 65, 2443, 1202, 1892, 255
15:58:31.230: 16, 38, 116, 283, 132, 534, 18, 233, 2006, 2486, 2057, 76, 2457, 1116, 1891, 255
15:58:31.765: 19, 17, 120, 280, 129, 530, 16, 7, 2262, 2490, 2054, 55, 2550, 915, 1876, 255
15:58:32.320: 18, 16, 116, 279, 112, 532, 18, 16, 2236, 2455, 2054, 54, 2344, 1220, 1897, 255
15:58:32.857: 18, 17, 146, 278, 135, 530, 15, 16, 2264, 2538, 2058, 104, 2375, 1198, 1892, 255
15:58:33.396: 19, 19, 132, 282, 118, 534, 8, 32, 2259, 2488, 2055, 65, 2397, 1112, 1894, 255
15:58:33.934: 9, 16, 130, 280, 107, 535, 16, 67, 2261, 2487, 2055, 74, 2420, 1064, 1892, 255
15:58:34.472: 23, 16, 116, 284, 139, 532, 20, 52, 2266, 2458, 2056, 83, 2534, 855, 1860, 255
15:58:35.026: 17, 18, 108, 276, 135, 532, 19, 39, 2266, 2424, 2059, 87, 2310, 1176, 1864, 255
15:58:35.567: 19, 18, 103, 280, 146, 530, 16, 58, 2276, 2485, 2060, 122, 2410, 1184, 1864, 255
15:58:36.092: 16, 19, 128, 280, 151, 522, 19, 50, 2282, 2450, 2059, 116, 2420, 1143, 1868, 255
15:58:36.642: 17, 9, 115, 282, 136, 534, 16, 28, 2284, 2400, 2059, 96, 2412, 1140, 1882, 255
15:58:37.184: 19, 12, 118, 283, 140, 532, 20, 20, 2295, 2440, 2048, 114, 2417, 1186, 1862, 255
15:58:37.725: 16, 16, 109, 290, 116, 528, 18, 20, 2271, 2452, 2056, 130, 2339, 1223, 1820, 255
15:58:38.260: 16, 16, 116, 290, 133, 532, 16, 18, 2275, 2508, 2052, 161, 2432, 1191, 1872, 255
15:58:38.796: 17, 20, 112, 282, 154, 531, 19, 40, 2292, 2444, 2056, 122, 2437, 1026, 1846, 255
15:58:39.351: 17, 12, 96, 289, 168, 537, 19, 64, 2292, 2404, 2059, 115, 2534, 1047, 1862, 255
15:58:39.891: 18, 18, 107, 285, 104, 530, 16, 32, 2282, 2449, 2057, 143, 2407, 1129, 1893, 255
15:58:40.433: 16, 16, 114, 288, 115, 532, 18, 56, 2261, 2476, 2060, 150, 2414, 1142, 1871, 255
15:58:40.968: 16, 17, 130, 284, 144, 528, 19, 49, 2280, 2516, 2058, 156, 2500, 1143, 1842, 255
15:58:41.520: 16, 19, 139, 284, 137, 530, 22, 52, 2282, 2512, 2061, 147, 2524, 1106, 1856, 255
15:58:42.057: 16, 18, 114, 290, 169, 531, 16, 68, 2269, 2482, 2056, 122, 2504, 1068, 1850, 255
15:58:42.593: 17, 18, 138, 283, 116, 530, 11, 56, 2271, 2507, 2056, 154, 2472, 1080, 1859, 255
15:58:43.136: 19, 8, 128, 292, 103, 531, 16, 55, 2252, 2444, 2059, 167, 2400, 1105, 1832, 255
15:58:43.660: 16, 18, 146, 288, 117, 532, 16, 43, 2278, 2500, 2055, 172, 2512, 1120, 1819, 255
15:58:44.227: 17, 18, 153, 296, 140, 532, 6, 10, 2279, 2514, 2056, 140, 2478, 1074, 1820, 255
15:58:44.742: 16, 22, 151, 300, 114, 538, 20, 28, 2259, 2504, 2060, 152, 2487, 1242, 1570, 255
15:58:45.316: 19, 19, 131, 299, 99, 532, 20, 8, 2252, 2474, 2058, 137, 2497, 1068, 1818, 255
15:58:45.839: 17, 16, 152, 306, 89, 531, 20, 244, 1992, 2440, 2058, 157, 2516, 1110, 1860, 255
15:58:46.380: 16, 17, 166, 301, 100, 530, 17, 27, 2268, 2515, 2057, 177, 2496, 1079, 1816, 255
15:58:46.916: 18, 18, 177, 298, 96, 534, 16, 37, 2272, 2466, 2058, 162, 2490, 1027, 1840, 255
15:58:47.466: 16, 16, 177, 300, 102, 530, 16, 36, 2282, 2483, 2060, 176, 2520, 1042, 1825, 255
15:58:48.020: 17, 18, 156, 304, 53, 532, 19, 16, 2254, 2400, 2058, 174, 2448, 1096, 1831, 255
15:58:48.544: 15, 18, 176, 310, 55, 534, 18, 39, 2248, 2471, 2057, 216, 2521, 1124, 1820, 255
15:58:49.070: 16, 16, 194, 304, 68, 530, 20, 64, 2269, 2516, 2056, 208, 2529, 1067, 1825, 255
15:58:49.629: 16, 16, 185, 308, 72, 532, 17, 39, 2261, 2497, 2059, 193, 2514, 1268, 1600, 255
15:58:50.170: 18, 12, 172, 290, 16, 536, 21, 50, 2276, 2541, 2060, 160, 2531, 1032, 1833, 255
15:58:50.726: 16, 18, 194, 289, 3, 532, 16, 28, 2265, 2434, 2056, 186, 2484, 1109, 1826, 255
15:58:51.243: 18, 16, 192, 293, 9, 530, 18, 50, 2263, 2465, 2056, 212, 2545, 1114, 1819, 255
15:58:51.782: 18, 11, 199, 290, 40, 530, 18, 50, 2242, 2489, 2058, 216, 2513, 1240, 1568, 255
15:58:52.322: 16, 24, 208, 292, 44, 524, 16, 71, 2218, 2516, 2058, 194, 2535, 1220, 1564, 255
15:58:52.874: 16, 16, 196, 291, 246, 276, 19, 87, 2216, 2546, 2060, 210, 2528, 1260, 1562, 255
15:58:53.412: 16, 13, 194, 292, 7, 530, 18, 64, 2246, 2475, 2057, 184, 2486, 1030, 1825, 255
15:58:53.952: 16, 17, 208, 297, 19, 533, 20, 55, 2266, 2518, 2055, 228, 2314, 1333, 1816, 255
15:58:54.491: 13, 23, 215, 307, 54, 532, 19, 74, 2257, 2536, 2055, 247, 2531, 1065, 1816, 255
15:58:55.030: 11, 12, 214, 291, 44, 531, 16, 80, 2256, 2535, 2056, 214, 2536, 1270, 1555, 255
15:58:55.578: 17, 11, 213, 296, 55, 531, 19, 86, 2262, 2536, 2056, 212, 2465, 1043, 1814, 255
15:58:56.117: 16, 17, 209, 300, 42, 530, 16, 19, 2280, 2484, 2051, 224, 2496, 1033, 1817, 255
15:58:56.654: 16, 16, 216, 307, 50, 531, 20, 44, 2050, 2779, 2065, 249, 2310, 1308, 1818, 255
15:58:57.192: 18, 15, 224, 307, 68, 530, 20, 49, 2296, 2547, 2059, 220, 2536, 1040, 1811, 255
15:58:57.746: 19, 15, 218, 307, 64, 527, 18, 70, 2293, 2512, 2057, 226, 2533, 1036, 1810, 255
15:58:58.268: 19, 18, 218, 308, 66, 532, 17, 55, 2052, 2796, 2064, 216, 2501, 1049, 1816, 255
15:58:58.822: 16, 16, 224, 300, 43, 531, 18, 41, 2292, 2464, 2057, 235, 2518, 1079, 1816, 255
15:58:59.362: 16, 10, 218, 312, 65, 532, 20, 58, 2058, 2786, 2054, 250, 2339, 1355, 1814, 255
15:58:59.917: 16, 18, 220, 321, 68, 532, 18, 45, 2051, 2768, 2057, 234, 2553, 1107, 1814, 255
15:59:00.440: 17, 19, 226, 311, 83, 528, 18, 40, 2052, 2790, 2057, 229, 2512, 1058, 1814, 255
15:59:00.983: 16, 23, 224, 312, 68, 530, 19, 44, 2060, 2809, 2058, 233, 2534, 1048, 1812, 255
15:59:01.521: 19, 11, 220, 306, 56, 532, 19, 56, 2064, 2781, 2056, 2, 2570, 1348, 1812, 255
15:59:02.062: 12, 16, 219, 312, 82, 530, 23, 55, 2053, 2708, 2058, 2, 2769, 1112, 1812, 255
15:59:02.618: 16, 18, 226, 315, 100, 529, 22, 88, 2067, 2793, 2058, 18, 2600, 1386, 1814, 255
15:59:03.152: 19, 12, 219, 306, 104, 532, 17, 75, 2075, 2560, 2310, 19, 2808, 1092, 1815, 255
15:59:03.695: 18, 18, 227, 322, 113, 532, 18, 84, 2076, 2810, 2057, 8, 2768, 1070, 1816, 255
15:59:04.236: 12, 18, 229, 320, 115, 532, 18, 86, 2074, 2568, 2312, 13, 2793, 1051, 1814, 255
15:59:04.770: 16, 16, 214, 314, 73, 531, 18, 75, 2066, 2731, 2057, 8, 2783, 1120, 1814, 255
15:59:05.325: 18, 11, 220, 340, 116, 532, 19, 58, 2290, 2496, 2056, 19, 2776, 1123, 1817, 255
15:59:05.848: 12, 16, 226, 338, 115, 529, 19, 89, 2065, 2778, 2058, 24, 2582, 1376, 1815, 255
15:59:06.391: 18, 16, 231, 345, 118, 522, 18, 85, 2077, 2774, 2064, 24, 2776, 1109, 1814, 255
15:59:06.934: 18, 17, 238, 331, 80, 533, 19, 90, 2084, 2786, 2055, 28, 2800, 1078, 1818, 255
15:59:07.472: 18, 22, 233, 339, 84, 528, 19, 106, 2072, 2795, 2058, 22, 2728, 1109, 1815, 255
15:59:08.026: 24, 18, 232, 336, 90, 532, 24, 96, 2052, 2764, 2058, 26, 2760, 1138, 1814, 255
15:59:08.565: 16, 20, 231, 342, 120, 537, 22, 109, 2077, 2804, 2055, 50, 2584, 1399, 1813, 255
15:59:09.122: 19, 18, 231, 348, 131, 529, 12, 88, 2087, 2796, 2055, 45, 2583, 1394, 1813, 255
15:59:09.645: 18, 22, 215, 354, 109, 532, 20, 66, 2082, 2778, 2056, 40, 2784, 1099, 1814, 255
15:59:10.171: 19, 19, 219, 354, 96, 531, 18, 80, 2076, 2804, 2055, 50, 2801, 1078, 1814, 255
15:59:10.727: 16, 17, 219, 326, 90, 531, 18, 81, 2052, 2722, 2056, 34, 2708, 1128, 1818, 255
15:59:11.265: 16, 17, 218, 324, 96, 530, 18, 83, 2054, 2763, 2054, 55, 2776, 1155, 1820, 255
15:59:11.818: 17, 0, 224, 342, 116, 531, 16, 69, 2072, 2786, 2058, 51, 2576, 1420, 1824, 255
15:59:12.341: 16, 15, 219, 352, 114, 530, 17, 48, 2076, 2756, 2057, 43, 2788, 1097, 1819, 255
15:59:12.881: 16, 18, 224, 346, 96, 525, 18, 65, 2060, 2756, 2055, 26, 2744, 1063, 1816, 255
15:59:13.421: 19, 16, 220, 342, 89, 530, 17, 69, 2059, 2752, 2052, 40, 2786, 1103, 1824, 255
15:59:13.974: 13, 3, 215, 343, 81, 531, 21, 68, 2052, 2775, 2056, 51, 2796, 1126, 1822, 255
15:59:14.525: 17, 16, 211, 358, 76, 528, 18, 70, 2081, 2791, 2058, 57, 2579, 1382, 1821, 255
15:59:15.059: 19, 9, 220, 374, 102, 529, 18, 79, 2072, 2787, 2057, 52, 2770, 1120, 1824, 255
15:59:15.614: 20, 18, 220, 364, 81, 530, 20, 75, 2058, 2758, 2054, 33, 2726, 1067, 1819, 255
15:59:16.138: 16, 16, 217, 372, 72, 530, 20, 91, 2066, 2790, 2056, 21, 2738, 1106, 1830, 255
15:59:16.675: 16, 17, 203, 358, 82, 534, 16, 79, 2051, 2741, 2054, 24, 2745, 1139, 1840, 255
15:59:17.227: 18, 16, 202, 364, 76, 532, 19, 85, 2064, 2769, 2054, 52, 2806, 1168, 1840, 255
15:59:17.750: 16, 16, 204, 360, 96, 531, 18, 82, 2076, 2788, 2052, 39, 2787, 1152, 1824, 255
15:59:18.318: 20, 17, 208, 364, 84, 533, 18, 88, 2067, 2802, 2057, 28, 2768, 1112, 1837, 255
15:59:18.843: 16, 16, 210, 376, 87, 531, 20, 102, 2076, 2796, 2054, 39, 2788, 1111, 1834, 255
15:59:19.368: 18, 16, 188, 388, 85, 532, 16, 104, 2076, 2800, 2056, 22, 2785, 1139, 1835, 255
15:59:19.922: 13, 11, 198, 369, 73, 534, 6, 106, 2076, 2804, 2054, 51, 2564, 1414, 1834, 255
15:59:20.455: 18, 16, 208, 354, 90, 531, 20, 117, 2099, 2563, 2311, 65, 2566, 1418, 1834, 255
15:59:21.016: 18, 18, 208, 372, 90, 534, 19, 108, 2087, 2560, 2312, 39, 2774, 1136, 1825, 255
15:59:21.542: 16, 12, 211, 370, 90, 530, 18, 95, 2082, 2744, 2055, 40, 2791, 1108, 1832, 255
15:59:22.080: 19, 20, 204, 372, 109, 532, 22, 108, 2083, 2560, 2311, 51, 2775, 1141, 1836, 255
15:59:22.632: 18, 18, 208, 377, 68, 532, 18, 84, 2070, 2758, 2054, 55, 2776, 1170, 1816, 255
15:59:23.168: 20, 18, 208, 386, 88, 534, 19, 99, 2088, 2804, 2056, 69, 2586, 1440, 1825, 255
15:59:23.721: 18, 17, 200, 390, 106, 533, 18, 96, 2098, 2803, 2054, 144, 2540, 1121, 1796, 255
15:59:24.244: 17, 19, 199, 377, 35, 530, 21, 6, 2276, 2336, 2054, 135, 2528, 1140, 2058, 255
15:59:24.796: 14, 16, 183, 374, 24, 530, 17, 20, 2285, 2392, 2054, 238, 2477, 1142, 2064, 255
15:59:25.335: 18, 16, 201, 355, 9, 532, 20, 107, 2293, 2507, 2056, 196, 2515, 1218, 1799, 255
15:59:25.873: 16, 17, 218, 368, 54, 532, 17, 50, 2050, 2780, 2056, 196, 2422, 1154, 1797, 255
15:59:26.417: 18, 18, 220, 358, 67, 534, 19, 56, 2068, 2576, 2310, 214, 2480, 1204, 1827, 255
15:59:26.955: 18, 21, 228, 378, 44, 532, 20, 83, 2065, 2579, 2311, 6, 2695, 1137, 1798, 255
15:59:27.490: 18, 27, 230, 378, 56, 540, 20, 88, 2068, 2566, 2314, 18, 2636, 1233, 1802, 255
15:59:28.040: 17, 20, 226, 394, 52, 534, 20, 68, 2083, 2560, 2311, 48, 2736, 1236, 1811, 255
15:59:28.579: 18, 21, 226, 407, 63, 532, 19, 56, 2083, 2579, 2312, 46, 2704, 1158, 1812, 255
15:59:29.115: 18, 19, 227, 408, 55, 531, 20, 68, 2071, 2566, 2313, 40, 2710, 1131, 1810, 255
15:59:29.652: 16, 18, 226, 418, 39, 532, 16, 81, 2066, 2564, 2311, 70, 2780, 1249, 1816, 255
15:59:30.219: 16, 16, 228, 416, 39, 531, 21, 36, 2064, 2721, 2056, 23, 2725, 1031, 2076, 255
15:59:30.743: 19, 18, 229, 424, 44, 530, 22, 54, 2054, 2772, 2053, 55, 2761, 1050, 2069, 255
15:59:31.282: 17, 17, 241, 420, 39, 533, 20, 64, 2056, 2801, 2064, 70, 2752, 1242, 1812, 255
15:59:31.826: 17, 18, 236, 417, 64, 530, 16, 42, 2288, 2524, 2056, 55, 2648, 1186, 1808, 255
15:59:32.358: 18, 17, 240, 411, 51, 532, 18, 54, 2050, 2792, 2056, 80, 2695, 1220, 1803, 255
15:59:32.907: 17, 18, 242, 411, 58, 531, 18, 57, 2298, 2496, 2055, 42, 2668, 1260, 1810, 255
15:59:33.445: 16, 20, 241, 432, 57, 531, 16, 40, 2290, 2521, 2056, 67, 2708, 1046, 2059, 255
15:59:33.982: 17, 18, 244, 430, 44, 531, 23, 67, 2055, 2564, 2314, 81, 2712, 1043, 2065, 255
15:59:34.524: 10, 16, 248, 418, 43, 535, 19, 74, 2294, 2518, 2056, 75, 2648, 1209, 1808, 255
15:59:35.062: 17, 19, 246, 438, 50, 528, 18, 74, 2281, 2538, 2056, 74, 2680, 1206, 1802, 255
15:59:35.614: 17, 10, 247, 441, 34, 530, 18, 84, 2278, 2552, 2060, 54, 2640, 1258, 1804, 255
15:59:36.151: 16, 12, 246, 420, 52, 524, 19, 24, 2064, 2806, 2056, 74, 2722, 1030, 2057, 255
15:59:36.688: 20, 12, 247, 448, 41, 530, 21, 72, 2067, 2578, 2311, 73, 2658, 1041, 2056, 255
15:59:37.229: 19, 20, 6, 696, 56, 532, 18, 65, 2070, 2564, 2311, 85, 2626, 1239, 1798, 255
15:59:37.781: 16, 16, 2, 709, 50, 531, 2, 57, 2055, 2809, 2055, 85, 2624, 1220, 1800, 255
15:59:38.317: 16, 18, 3, 711, 27, 532, 17, 64, 2058, 2810, 2057, 56, 2688, 1262, 1804, 255
15:59:38.854: 16, 16, 5, 680, 25, 530, 16, 20, 2058, 2772, 2054, 84, 2663, 1052, 2057, 255
15:59:39.384: 16, 10, 6, 690, 34, 535, 18, 52, 2084, 2586, 2312, 100, 2699, 1066, 2055, 255
15:59:39.944: 19, 19, 247, 450, 44, 531, 20, 50, 2081, 2595, 2314, 108, 2640, 1048, 2056, 255
15:59:40.483: 12, 18, 244, 452, 40, 530, 16, 50, 2071, 2585, 2311, 95, 2675, 1241, 1837, 255
15:59:41.023: 16, 18, 236, 448, 48, 534, 16, 70, 2076, 2613, 2313, 122, 2665, 1242, 1820, 255
15:59:41.565: 16, 7, 243, 436, 243, 278, 19, 56, 2070, 2584, 2310, 90, 2692, 1064, 2065, 255
15:59:42.089: 16, 10, 243, 456, 243, 278, 17, 70, 2092, 2589, 2308, 112, 2723, 1080, 2054, 255
15:59:42.649: 20, 19, 247, 473, 249, 280, 18, 59, 2087, 2636, 2312, 136, 2662, 1049, 2100, 255
15:59:43.176: 16, 18, 243, 467, 248, 278, 16, 55, 2076, 2624, 2312, 107, 2665, 1221, 1824, 255
15:59:43.732: 18, 20, 249, 468, 242, 262, 21, 73, 2086, 2646, 2310, 131, 2678, 1207, 1808, 255
15:59:44.257: 17, 17, 6, 727, 4, 532, 24, 28, 2067, 2803, 2054, 91, 2690, 1036, 2058, 255
15:59:44.826: 20, 16, 251, 476, 12, 533, 17, 69, 2070, 2806, 2055, 118, 2739, 1039, 2065, 255
15:59:45.347: 12, 12, 5, 732, 3, 528, 18, 69, 2088, 2611, 2311, 146, 2676, 1053, 2080, 255
15:59:45.887: 17, 11, 251, 467, 11, 528, 20, 70, 2091, 2615, 2309, 129, 2660, 1028, 2066, 255
15:59:46.425: 16, 16, 251, 474, 7, 532, 19, 59, 2091, 2626, 2312, 134, 2718, 1228, 1807, 255
15:59:46.977: 16, 12, 3, 742, 7, 528, 16, 66, 2088, 2632, 2311, 114, 2679, 1034, 2068, 255
15:59:47.516: 19, 17, 2, 728, 246, 274, 19, 18, 2054, 2744, 2055, 104, 2712, 1060, 2077, 255
15:59:48.056: 19, 19, 8, 731, 251, 277, 19, 44, 2071, 2564, 2311, 155, 2698, 1078, 2070, 255
15:59:48.596: 19, 18, 6, 738, 4, 531, 12, 29, 2078, 2613, 2312, 139, 2708, 1043, 2070, 255
15:59:49.131: 17, 3, 4, 742, 247, 288, 20, 10, 2080, 2628, 2311, 131, 2698, 1033, 2098, 255
15:59:49.681: 16, 16, 250, 484, 7, 531, 18, 23, 2084, 2648, 2313, 146, 2758, 1035, 2101, 255
15:59:50.220: 18, 16, 4, 744, 236, 279, 19, 246, 1809, 2764, 2056, 113, 2646, 1042, 2076, 255
15:59:50.752: 14, 12, 5, 755, 9, 531, 17, 56, 2076, 2806, 2058, 162, 2704, 1074, 2086, 255
15:59:51.321: 18, 16, 5, 743, 2, 531, 20, 34, 2093, 2590, 2312, 152, 2734, 1064, 2104, 255
15:59:51.845: 16, 18, 3, 743, 244, 275, 29, 36, 2085, 2616, 2311, 135, 2753, 1043, 2105, 255
15:59:52.380: 18, 20, 246, 256, 507, 285, 12, 54, 2084, 2604, 2310, 138, 2726, 1274, 1828, 255
15:59:52.921: 16, 16, 251, 498, 227, 272, 12, 70, 2086, 2612, 2310, 148, 2736, 1067, 2071, 255
15:59:53.460: 16, 20, 6, 754, 178, 274, 16, 80, 2074, 2779, 2054, 116, 2631, 1070, 2092, 255
15:59:54.015: 16, 16, 4, 761, 199, 276, 23, 83, 2098, 2575, 2315, 167, 2700, 1099, 2083, 255
15:59:54.542: 18, 18, 9, 515, 473, 278, 18, 80, 2090, 2608, 2314, 135, 2764, 1103, 2082, 255
15:59:55.091: 23, 20, 248, 258, 487, 276, 20, 67, 2092, 2612, 2316, 134, 2766, 1074, 2097, 255
15:59:55.629: 18, 16, 16, 755, 184, 273, 18, 74, 2099, 2635, 2312, 132, 2790, 1090, 2081, 255
15:59:56.170: 16, 20, 8, 742, 136, 275, 13, 58, 2064, 2752, 2057, 67, 2604, 1068, 2092, 255
15:59:56.726: 16, 19, 9, 520, 393, 272, 19, 65, 2066, 2758, 2052, 112, 2695, 1080, 2078, 255
15:59:57.251: 12, 18, 13, 513, 406, 278, 19, 70, 2068, 2569, 2310, 133, 2730, 1094, 2081, 255
15:59:57.794: 20, 16, 11, 514, 417, 280, 19, 57, 2076, 2580, 2312, 131, 2754, 1078, 2087, 255
15:59:58.337: 15, 18, 8, 515, 424, 265, 18, 51, 2080, 2618, 2316, 139, 2724, 1066, 2092, 255
15:59:58.878: 16, 16, 4, 516, 376, 275, 16, 82, 2076, 2582, 2310, 119, 2655, 1095, 2088, 255
15:59:59.414: 12, 16, 9, 512, 386, 274, 17, 84, 2065, 2800, 2057, 137, 2690, 1104, 2088, 255
15:59:59.952: 17, 16, 9, 761, 168, 280, 19, 96, 2087, 2610, 2312, 150, 2738, 1119, 2086, 255
16:00:00.488: 16, 17, 16, 761, 172, 274, 17, 87, 2072, 2610, 2320, 152, 2754, 1104, 2084, 255
16:00:01.030: 15, 17, 6, 756, 186, 275, 19, 51, 2057, 2605, 2311, 128, 2682, 1092, 2070, 255
16:00:01.582: 17, 19, 9, 749, 187, 275, 19, 58, 2067, 2632, 2312, 143, 2723, 1121, 2076, 255
16:00:02.118: 16, 15, 8, 738, 149, 275, 18, 56, 2080, 2582, 2312, 140, 2626, 1121, 2098, 255
16:00:02.656: 12, 12, 10, 514, 422, 275, 16, 66, 2066, 2579, 2310, 154, 2680, 1146, 2124, 255
16:00:03.194: 18, 17, 17, 517, 418, 285, 21, 50, 2082, 2608, 2315, 151, 2737, 1154, 2123, 255
16:00:03.747: 17, 15, 12, 761, 173, 274, 18, 44, 2066, 2608, 2312, 144, 2756, 1092, 2128, 255
16:00:04.281: 16, 17, 16, 743, 156, 275, 16, 48, 2063, 2631, 2312, 145, 2760, 1112, 2129, 255
16:00:04.831: 17, 21, 25, 754, 91, 276, 16, 243, 2040, 2433, 2056, 88, 2610, 1145, 2128, 255
16:00:05.367: 19, 16, 22, 755, 164, 279, 18, 246, 1804, 2720, 2060, 135, 2679, 1168, 2115, 255
16:00:05.921: 13, 16, 4, 749, 182, 275, 12, 12, 2059, 2714, 2058, 144, 2758, 1179, 2115, 255
16:00:06.446: 10, 16, 234, 498, 181, 274, 18, 3, 2056, 2796, 2058, 140, 2738, 1139, 2113, 255
16:00:06.988: 16, 18, 243, 490, 177, 276, 19, 10, 2049, 2789, 2055, 140, 2695, 1078, 2123, 255
16:00:07.529: 16, 16, 248, 267, 456, 278, 19, 16, 2057, 2564, 2311, 157, 2733, 1064, 2116, 255
16:00:08.067: 20, 16, 3, 519, 452, 277, 17, 22, 2056, 2803, 2058, 134, 2723, 1107, 2131, 255
16:00:08.621: 6, 12, 7, 513, 449, 273, 21, 15, 2056, 2792, 2056, 143, 2668, 1139, 2125, 255
16:00:09.146: 16, 16, 8, 517, 458, 275, 18, 18, 2052, 2602, 2311, 149, 2756, 1155, 2120, 255
16:00:09.686: 17, 18, 249, 504, 200, 274, 17, 24, 2060, 2595, 2310, 150, 2701, 1132, 2134, 255
16:00:10.240: 12, 15, 248, 256, 451, 276, 20, 28, 2057, 2582, 2311, 144, 2668, 1063, 2132, 255
16:00:10.780: 16, 20, 249, 500, 180, 272, 19, 52, 2070, 2602, 2305, 139, 2680, 1108, 2134, 255
16:00:11.322: 16, 18, 6, 512, 424, 284, 19, 43, 2074, 2790, 2053, 122, 2659, 1129, 2134, 255
16:00:11.847: 16, 16, 6, 513, 428, 274, 18, 58, 2087, 2586, 2312, 134, 2712, 1138, 2130, 255
16:00:12.413: 16, 16, 250, 257, 443, 275, 18, 70, 2099, 2653, 2312, 136, 2704, 1146, 2122, 255
16:00:12.934: 12, 16, 246, 502, 160, 274, 20, 76, 2069, 2634, 2313, 134, 2664, 1058, 2106, 255
16:00:13.485: 17, 18, 250, 260, 427, 274, 12, 64, 2070, 2632, 2314, 151, 2674, 1034, 2115, 255
16:00:14.027: 19, 16, 11, 534, 405, 274, 19, 67, 2072, 2804, 2055, 120, 2724, 1110, 2116, 255
16:00:14.568: 16, 16, 19, 536, 426, 276, 18, 80, 2072, 2707, 2055, 139, 2726, 1137, 2120, 255
16:00:15.122: 12, 12, 16, 525, 436, 276, 16, 80, 2093, 2778, 2052, 144, 2778, 1153, 2118, 255
16:00:15.642: 18, 10, 19, 528, 427, 275, 16, 86, 2072, 2806, 2058, 147, 2658, 1114, 2114, 255
16:00:16.186: 16, 18, 18, 530, 424, 268, 20, 82, 2072, 2609, 2314, 132, 2600, 1269, 1864, 255
16:00:16.723: 7, 12, 24, 516, 392, 268, 18, 88, 2090, 2597, 2314, 150, 2689, 1030, 2124, 255
16:00:17.260: 16, 16, 18, 536, 378, 276, 16, 83, 2114, 2752, 2053, 132, 2652, 1106, 2119, 255
16:00:17.812: 16, 12, 29, 531, 402, 279, 21, 38, 2113, 2728, 2055, 152, 2704, 1154, 2127, 255
16:00:18.352: 11, 10, 39, 532, 403, 269, 19, 38, 2121, 2810, 2054, 132, 2680, 1133, 2106, 255
16:00:18.890: 12, 19, 17, 694, 184, 34, 19, 224, 1960, 2551, 1796, 33, 2784, 844, 1802, 255
16:00:19.432: 2, 12, 148, 724, 168, 17, 19, 156, 1969, 2444, 1798, 212, 2154, 999, 1802, 255
